# power spectrum of hij
# redshift z=0.000000
# k              Pk             sigma(k)       sigma(Pk)      count
  1.963495e-02   1.167277e-19   0.000000e+00   3.688848e-20   6
  2.776802e-02   7.897439e-20   0.000000e+00   6.622167e-21   12
  3.400874e-02   3.817354e-20   3.725290e-10   2.541593e-21   8
  3.926991e-02   3.118426e-20   0.000000e+00   3.274801e-21   6
  4.390509e-02   2.618666e-20   0.000000e+00   2.467796e-21   24
  4.809562e-02   1.249420e-20   7.024475e-10   2.070917e-21   24
  5.553604e-02   1.158750e-20   0.000000e+00   1.036768e-21   12
  5.890486e-02   4.433748e-21   7.947286e-10   3.807482e-22   30
  6.209118e-02   5.408646e-21   0.000000e+00   8.210266e-22   24
  6.512178e-02   5.965078e-21   1.216675e-09   8.588304e-22   24
  6.801748e-02   3.625071e-21   7.450581e-10   5.207382e-22   8
  7.079483e-02   3.064073e-21   9.934107e-10   3.610143e-22   24
  7.346727e-02   2.737037e-21   0.000000e+00   2.591447e-22   48
  7.853982e-02   2.929799e-21   0.000000e+00   1.936000e-22   6
  8.095699e-02   1.459278e-21   1.404895e-09   1.621814e-22   48
  8.330406e-02   1.644411e-21   0.000000e+00   1.600114e-22   36
  8.558678e-02   1.313365e-21   9.934107e-10   2.008878e-22   24
  8.781018e-02   1.501801e-21   0.000000e+00   2.386586e-22   24
  8.997866e-02   1.047860e-21   0.000000e+00   9.408510e-23   48
  9.209610e-02   1.192565e-21   1.404895e-09   1.189317e-22   24
  9.619124e-02   7.908905e-22   1.404895e-09   1.080587e-22   24
  9.817477e-02   9.467391e-22   0.000000e+00   1.522644e-22   30
  1.001190e-01   5.998278e-22   0.000000e+00   4.176087e-23   72
  1.020262e-01   4.805122e-22   1.490116e-09   5.004518e-23   32
  1.057375e-01   5.187267e-22   0.000000e+00   3.860788e-23   72
  1.075451e-01   4.483166e-22   0.000000e+00   3.778446e-23   48
  1.110721e-01   4.712959e-22   0.000000e+00   9.743831e-23   12
  1.127942e-01   3.221411e-22   0.000000e+00   2.297731e-23   48
  1.144905e-01   3.477101e-22   0.000000e+00   3.036586e-23   48
  1.161620e-01   3.087347e-22   1.404895e-09   2.908598e-23   48
  1.178097e-01   3.149709e-22   1.589457e-09   4.032399e-23   30
  1.194348e-01   2.662809e-22   1.404895e-09   3.166138e-23   24
  1.210380e-01   2.558550e-22   2.961779e-09   1.646673e-23   72
  1.241824e-01   2.403296e-22   0.000000e+00   3.314239e-23   24
  1.257251e-01   2.077733e-22   0.000000e+00   1.095842e-23   96
  1.272490e-01   2.027437e-22   0.000000e+00   1.712436e-23   48
  1.287550e-01   2.188405e-22   2.433349e-09   2.747115e-23   24
  1.302436e-01   2.047526e-22   2.433349e-09   2.332037e-23   24
  1.317153e-01   1.571156e-22   0.000000e+00   1.160861e-23   72
  1.331707e-01   1.880431e-22   0.000000e+00   1.481531e-23   48
  1.360350e-01   1.222883e-22   1.490116e-09   1.851789e-23   8
  1.374447e-01   1.192802e-22   1.766064e-09   1.122555e-23   54
  1.388401e-01   1.078320e-22   0.000000e+00   6.433019e-24   84
  1.402216e-01   1.069618e-22   0.000000e+00   9.590330e-24   48
  1.415897e-01   1.214940e-22   1.986821e-09   1.450795e-23   24
  1.429446e-01   1.036093e-22   1.873193e-09   9.475945e-24   72
  1.442869e-01   1.086446e-22   0.000000e+00   1.044114e-23   96
  1.469345e-01   7.503797e-23   0.000000e+00   6.986670e-24   48
  1.482407e-01   8.190952e-23   0.000000e+00   7.594382e-24   48
  1.495354e-01   9.282565e-23   1.986821e-09   8.655138e-24   24
  1.508189e-01   7.626271e-23   0.000000e+00   6.457877e-24   72
  1.533539e-01   6.724321e-23   1.873193e-09   4.205663e-24   72
  1.546058e-01   6.683952e-23   0.000000e+00   4.507993e-24   96
  1.570796e-01   8.793683e-23   0.000000e+00   1.431412e-23   6
  1.583021e-01   7.321432e-23   0.000000e+00   4.236701e-24   96
  1.595151e-01   7.296838e-23   1.986821e-09   5.184938e-24   96
  1.607190e-01   5.940911e-23   0.000000e+00   7.561935e-24   24
  1.619140e-01   7.003440e-23   2.809790e-09   7.299236e-24   48
  1.631002e-01   5.563940e-23   0.000000e+00   3.568072e-24   96
  1.642778e-01   3.596200e-23   0.000000e+00   3.234662e-24   48
  1.666081e-01   5.771760e-23   0.000000e+00   6.087792e-24   36
  1.677611e-01   3.751050e-23   3.441276e-09   2.972010e-24   48
  1.689063e-01   4.358653e-23   3.893359e-09   3.283548e-24   120
  1.700437e-01   3.697488e-23   0.000000e+00   1.918393e-24   56
  1.711736e-01   3.903678e-23   1.986821e-09   4.671542e-24   24
  1.722960e-01   3.572592e-23   0.000000e+00   2.992718e-24   96
  1.734112e-01   3.915407e-23   0.000000e+00   3.485644e-24   48
  1.756204e-01   3.794466e-23   0.000000e+00   5.803744e-24   24
  1.767146e-01   3.580479e-23   0.000000e+00   2.273402e-24   102
  1.778021e-01   4.313463e-23   0.000000e+00   3.999486e-24   48
  1.788829e-01   3.366151e-23   0.000000e+00   3.289032e-24   72
  1.799573e-01   3.612444e-23   0.000000e+00   3.245846e-24   48
  1.810253e-01   3.489655e-23   0.000000e+00   3.447255e-24   48
  1.820871e-01   3.197251e-23   4.495664e-09   2.175991e-24   120
  1.841922e-01   2.206284e-23   2.809790e-09   1.430816e-24   24
  1.852358e-01   2.840808e-23   2.649095e-09   1.590448e-24   144
  1.862735e-01   2.651994e-23   3.178914e-09   1.586730e-24   120
  1.873055e-01   2.994373e-23   2.809790e-09   3.144755e-24   48
  1.893526e-01   1.970056e-23   2.809790e-09   1.453011e-24   48
  1.903679e-01   2.122536e-23   2.809790e-09   1.605153e-24   96
  1.923825e-01   1.558693e-23   2.809790e-09   2.069053e-24   24
  1.933819e-01   2.209708e-23   0.000000e+00   2.157790e-24   48
  1.943761e-01   1.714023e-23   3.532127e-09   1.105076e-24   108
  1.953653e-01   1.697505e-23   0.000000e+00   9.926759e-25   72
  1.963495e-01   1.445846e-23   0.000000e+00   1.322103e-24   30
  1.973288e-01   1.790576e-23   0.000000e+00   7.754874e-25   168
  1.983033e-01   2.390800e-23   0.000000e+00   2.910694e-24   48
  2.002380e-01   1.769872e-23   0.000000e+00   1.792158e-24   72
  2.011984e-01   2.259027e-23   0.000000e+00   1.977544e-24   96
  2.021542e-01   1.780814e-23   5.298191e-09   1.459340e-24   72
  2.031055e-01   1.467034e-23   0.000000e+00   1.461095e-24   72
  2.040524e-01   2.698003e-23   2.980232e-09   3.538929e-24   32
  2.049949e-01   1.874637e-23   2.649095e-09   1.645557e-24   72
  2.059331e-01   1.569068e-23   3.746387e-09   9.773082e-25   144
  2.087224e-01   1.713060e-23   6.282881e-09   1.286567e-24   96
  2.096439e-01   1.078493e-23   0.000000e+00   7.086087e-25   96
  2.105614e-01   1.418958e-23   0.000000e+00   1.442221e-24   48
  2.114749e-01   1.407083e-23   0.000000e+00   1.610001e-24   72
  2.123845e-01   1.684146e-23   0.000000e+00   1.081465e-24   120
  2.132902e-01   1.439079e-23   0.000000e+00   9.840493e-25   72
  2.150901e-01   1.401310e-23   0.000000e+00   1.427813e-24   48
  2.159845e-01   9.513753e-24   4.235416e-09   6.296398e-25   78
  2.168752e-01   1.140185e-23   3.178914e-09   7.205865e-25   120
  2.177622e-01   1.406153e-23   3.973643e-09   2.109563e-24   48
  2.195255e-01   1.354162e-23   3.746387e-09   8.480478e-25   144
  2.204018e-01   1.574060e-23   3.746387e-09   1.096152e-24   144
  2.221441e-01   1.338237e-23   0.000000e+00   4.437617e-24   12
  2.230102e-01   9.996569e-24   0.000000e+00   7.194585e-25   144
  2.238729e-01   1.304204e-23   4.866699e-09   1.461231e-24   48
  2.247323e-01   1.196400e-23   3.178914e-09   7.549939e-25   120
  2.255884e-01   1.047714e-23   0.000000e+00   8.172847e-25   48
  2.264413e-01   6.838243e-24   0.000000e+00   6.145790e-25   48
  2.272910e-01   1.139044e-23   0.000000e+00   6.192508e-25   168
  2.289809e-01   7.147113e-24   0.000000e+00   6.785465e-25   48
  2.298212e-01   7.566013e-24   2.809790e-09   4.587595e-25   96
  2.306585e-01   1.058407e-23   2.809790e-09   9.396208e-25   96
  2.314927e-01   8.270206e-24   0.000000e+00   6.897366e-25   72
  2.323239e-01   7.911388e-24   2.809790e-09   9.147360e-25   48
  2.331522e-01   1.256357e-23   0.000000e+00   9.221304e-25   96
  2.339775e-01   6.334432e-24   0.000000e+00   6.089244e-25   48
  2.356194e-01   6.906053e-24   3.178914e-09   1.180127e-24   30
  2.364362e-01   8.579174e-24   2.809790e-09   7.276247e-25   96
  2.372501e-01   7.473083e-24   0.000000e+00   3.878517e-25   192
  2.380612e-01   1.003619e-23   3.973643e-09   1.050502e-24   48
  2.380612e-01   4.845035e-24   0.000000e+00   2.039114e-24   8
  2.388695e-01   1.124098e-23   2.809790e-09   1.335353e-24   24
  2.396752e-01   7.541714e-24   0.000000e+00   4.421595e-25   168
  2.404781e-01   6.381496e-24   0.000000e+00   4.379589e-25   120
  2.420760e-01   7.523869e-24   5.923557e-09   8.146500e-25   72
  2.428710e-01   6.373441e-24   3.746387e-09   4.072479e-25   144
  2.436634e-01   7.001057e-24   0.000000e+00   5.203448e-25   96
  2.444532e-01   6.445117e-24   0.000000e+00   4.386323e-25   96
  2.460253e-01   1.118134e-23   4.588368e-09   8.315364e-25   72
  2.468075e-01   6.980433e-24   3.973643e-09   6.298933e-25   96
  2.483647e-01   1.053362e-23   0.000000e+00   1.458898e-24   24
  2.491396e-01   6.192617e-24   0.000000e+00   3.717265e-25   192
  2.499122e-01   6.833942e-24   3.532127e-09   4.848672e-25   108
  2.506823e-01   5.877050e-24   0.000000e+00   6.083423e-25   24
  2.514501e-01   6.852960e-24   0.000000e+00   5.053298e-25   96
  2.522156e-01   5.447555e-24   0.000000e+00   3.689455e-25   96
  2.529787e-01   4.412606e-24   3.178914e-09   2.573323e-25   120
  2.544981e-01   5.172778e-24   0.000000e+00   4.454715e-25   48
  2.552544e-01   7.793990e-24   5.989783e-09   5.031943e-25   78
  2.560085e-01   6.743998e-24   0.000000e+00   4.955522e-25   144
  2.567603e-01   5.944538e-24   0.000000e+00   6.241955e-25   120
  2.575100e-01   4.210997e-24   4.866699e-09   3.898805e-25   24
  2.582575e-01   7.046071e-24   0.000000e+00   6.114170e-25   168
  2.590028e-01   7.084029e-24   0.000000e+00   6.095307e-25   144
  2.604871e-01   6.498945e-24   4.866699e-09   9.173545e-25   24
  2.612261e-01   8.622373e-24   0.000000e+00   1.300744e-24   48
  2.619630e-01   6.529682e-24   2.809790e-09   5.725133e-25   96
  2.626978e-01   6.541229e-24   0.000000e+00   4.839502e-25   120
  2.634306e-01   3.985341e-24   0.000000e+00   3.025509e-25   72
  2.641613e-01   4.522332e-24   4.495664e-09   3.186270e-25   120
  2.648900e-01   6.252033e-24   0.000000e+00   4.850777e-25   144
  2.663415e-01   5.178327e-24   0.000000e+00   5.470519e-25   48
  2.670642e-01   4.937743e-24   5.619580e-09   3.790105e-25   192
  2.677851e-01   4.967582e-24   0.000000e+00   3.008445e-25   144
  2.685040e-01   3.991301e-24   0.000000e+00   3.798414e-25   48
  2.699360e-01   4.644596e-24   0.000000e+00   3.169941e-25   192
  2.706492e-01   3.082108e-24   0.000000e+00   3.661900e-25   48
  2.720699e-01   2.444499e-24   2.980232e-09   3.345438e-25   8
  2.727775e-01   3.468721e-24   3.973643e-09   3.175466e-25   48
  2.734833e-01   3.923257e-24   8.991328e-09   1.913715e-25   240
  2.741872e-01   5.018940e-24   0.000000e+00   5.646765e-25   96
  2.748894e-01   4.761921e-24   3.532127e-09   3.704849e-25   54
  2.755897e-01   4.756002e-24   0.000000e+00   5.291265e-25   120
  2.762883e-01   4.563663e-24   3.178914e-09   3.798579e-25   120
  2.776802e-01   5.239272e-24   0.000000e+00   6.223073e-25   84
  2.783735e-01   5.464548e-24   0.000000e+00   3.985497e-25   144
  2.790651e-01   3.663046e-24   3.746387e-09   3.687239e-25   72
  2.797550e-01   3.549645e-24   0.000000e+00   3.153107e-25   96
  2.804432e-01   4.248343e-24   0.000000e+00   5.182228e-25   48
  2.811298e-01   6.214401e-24   0.000000e+00   7.181602e-25   96
  2.818146e-01   3.852314e-24   4.495664e-09   2.136540e-25   240
  2.831793e-01   2.718002e-24   3.973643e-09   3.498816e-25   24
  2.838592e-01   3.666044e-24   0.000000e+00   2.490318e-25   240
  2.845375e-01   3.267881e-24   5.619580e-09   2.658746e-25   96
  2.852142e-01   2.151922e-24   0.000000e+00   1.514718e-25   72
  2.858892e-01   4.220764e-24   3.746387e-09   5.029536e-25   72
  2.865627e-01   4.765966e-24   0.000000e+00   5.816637e-25   96
  2.872346e-01   5.429168e-24   0.000000e+00   5.324476e-25   72
  2.885737e-01   4.079793e-24   0.000000e+00   3.476268e-25   96
  2.892409e-01   2.578839e-24   3.973643e-09   1.824325e-25   96
  2.899066e-01   2.551401e-24   7.786718e-09   1.474228e-25   120
  2.905708e-01   3.278652e-24   3.973643e-09   2.415626e-25   96
  2.918946e-01   3.738728e-24   0.000000e+00   2.263600e-25   192
  2.925542e-01   4.459496e-24   3.746387e-09   3.704449e-25   144
  2.938691e-01   2.399589e-24   0.000000e+00   2.809805e-25   48
  2.945243e-01   4.689561e-24   6.229375e-09   3.873559e-25   150
  2.951781e-01   3.836364e-24   5.619580e-09   4.570823e-25   96
  2.958304e-01   3.179192e-24   7.108269e-09   2.395269e-25   120
  2.964813e-01   3.197719e-24   0.000000e+00   3.821281e-25   48
  2.971308e-01   3.894502e-24   5.506041e-09   4.016985e-25   120
  2.977788e-01   4.579990e-24   0.000000e+00   3.772142e-25   240
  2.990707e-01   2.691886e-24   3.973643e-09   2.646229e-25   24
  2.997146e-01   5.290044e-24   0.000000e+00   7.077853e-25   144
  3.003570e-01   3.306719e-24   7.064254e-09   2.647716e-25   216
  3.009981e-01   1.008698e-23   0.000000e+00   1.130665e-24   48
  3.016379e-01   3.469873e-24   0.000000e+00   4.089331e-25   72
  3.022763e-01   2.610193e-24   0.000000e+00   1.560365e-25   144
  3.029133e-01   6.349258e-24   0.000000e+00   9.080687e-25   96
  3.048165e-01   3.648928e-24   0.000000e+00   3.181564e-25   144
  3.054482e-01   3.808428e-24   0.000000e+00   3.405897e-25   132
  3.060786e-01   3.419396e-24   0.000000e+00   3.770009e-25   104
  3.067078e-01   1.527773e-24   3.746387e-09   1.217775e-25   72
  3.073356e-01   3.546765e-24   6.422377e-09   3.343435e-25   168
  3.079622e-01   2.408720e-24   0.000000e+00   1.356861e-25   144
  3.092116e-01   2.257435e-24   0.000000e+00   1.714195e-25   96
  3.098343e-01   1.998044e-24   0.000000e+00   1.427963e-25   144
  3.104559e-01   3.907569e-24   0.000000e+00   2.482162e-25   144
  3.110762e-01   2.784617e-24   9.082613e-09   2.020233e-25   168
  3.123131e-01   1.582382e-24   0.000000e+00   1.471160e-25   48
  3.129297e-01   3.117104e-24   3.973643e-09   1.901388e-25   192
  3.141593e-01   7.803888e-24   0.000000e+00   3.917882e-24   3
  3.147723e-01   2.600750e-24   5.994218e-09   2.573467e-25   180
  3.153841e-01   3.257169e-24   0.000000e+00   4.919754e-25   84
  3.159947e-01   3.174203e-24   5.619580e-09   2.854883e-25   96
  3.166041e-01   2.953040e-24   0.000000e+00   3.601445e-25   84
  3.172124e-01   3.829551e-24   6.882552e-09   3.827101e-25   192
  3.178195e-01   2.695384e-24   0.000000e+00   2.368443e-25   72
  3.190302e-01   3.108621e-24   6.422377e-09   2.686276e-25   84
  3.196339e-01   3.674699e-24   0.000000e+00   5.222015e-25   84
  3.202364e-01   2.970626e-24   0.000000e+00   2.276269e-25   216
  3.208378e-01   1.730112e-24   0.000000e+00   1.568437e-25   48
  3.214381e-01   1.957106e-24   0.000000e+00   2.601919e-25   24
  3.220372e-01   2.620920e-24   0.000000e+00   1.859283e-25   240
  3.226352e-01   2.093405e-24   0.000000e+00   1.254478e-25   192
  3.238280e-01   3.166042e-24   0.000000e+00   7.146525e-25   36
  3.244227e-01   5.040279e-24   0.000000e+00   8.804799e-25   72
  3.250163e-01   2.337550e-24   0.000000e+00   2.810060e-25   132
  3.256089e-01   2.656682e-24   0.000000e+00   1.708974e-25   120
  3.262004e-01   4.288731e-24   0.000000e+00   4.038790e-25   72
  3.267908e-01   2.585283e-24   0.000000e+00   1.930983e-25   72
  3.273801e-01   1.966227e-24   1.015467e-08   1.004709e-25   168
  3.285556e-01   1.151157e-24   0.000000e+00   1.235614e-25   48
  3.291418e-01   2.239614e-24   6.477696e-09   1.882597e-25   204
  3.297269e-01   2.742388e-24   0.000000e+00   4.469525e-25   72
  3.303111e-01   2.619540e-24   0.000000e+00   2.541340e-25   72
  3.314762e-01   2.381253e-24   0.000000e+00   3.158185e-25   168
  3.320572e-01   2.050954e-24   3.746387e-09   1.491173e-25   144
  3.332162e-01   5.071568e-24   0.000000e+00   8.582930e-25   24
  3.337942e-01   1.379222e-24   3.973643e-09   8.934425e-26   96
  3.343712e-01   2.819405e-24   0.000000e+00   1.867565e-25   192
  3.349472e-01   1.358373e-24   0.000000e+00   1.169892e-25   72
  3.355222e-01   2.059910e-24   5.298191e-09   5.858506e-25   36
  3.360963e-01   2.276093e-24   7.865773e-09   1.630049e-25   168
  3.366693e-01   1.306464e-24   0.000000e+00   1.053265e-25   120
  3.378125e-01   2.519522e-24   6.882552e-09   2.661477e-25   96
  3.383827e-01   2.600487e-24   0.000000e+00   2.149310e-25   144
  3.389519e-01   2.374640e-24   0.000000e+00   2.596903e-25   48
  3.395201e-01   1.411933e-24   1.059638e-08   8.899724e-26   144
  3.400874e-01   1.445992e-24   0.000000e+00   1.123626e-25   56
  3.406537e-01   1.899694e-24   5.298191e-09   2.292447e-25   72
  3.412191e-01   1.158895e-24   3.973643e-09   8.042986e-26   96
  3.423471e-01   1.241472e-24   3.973643e-09   1.757210e-25   24
  3.429097e-01   1.673862e-24   0.000000e+00   1.224124e-25   156
  3.434714e-01   1.947084e-24   4.890638e-09   1.585860e-25   156
  3.440322e-01   2.255119e-24   3.973643e-09   1.919375e-25   48
  3.445920e-01   1.849314e-24   0.000000e+00   2.049156e-25   72
  3.451510e-01   1.805165e-24   0.000000e+00   2.487127e-25   72
  3.457090e-01   2.083905e-24   3.973643e-09   1.456785e-25   96
  3.468224e-01   1.171427e-24   0.000000e+00   1.212417e-25   48
  3.473778e-01   1.240573e-24   6.882552e-09   8.600996e-26   96
  3.479323e-01   1.356365e-24   9.990364e-09   7.803825e-26   216
  3.484859e-01   1.596488e-24   0.000000e+00   1.250732e-25   96
  3.495904e-01   1.856732e-24   0.000000e+00   1.588136e-25   96
  3.501414e-01   1.240678e-24   0.000000e+00   8.038271e-26   96
  3.512407e-01   2.775157e-24   0.000000e+00   3.496957e-25   12
  3.517891e-01   1.605135e-24   0.000000e+00   9.788244e-26   168
  3.523367e-01   1.746163e-24   0.000000e+00   1.150406e-25   96
  3.528833e-01   1.119704e-24   3.973643e-09   1.347536e-25   48
  3.534292e-01   1.791941e-24   6.488932e-09   2.536120e-25   72
  3.539742e-01   1.303066e-24   4.495664e-09   9.382656e-26   120
  3.545183e-01   1.301372e-24   7.947286e-09   7.644056e-26   192
  3.556041e-01   1.870276e-24   0.000000e+00   2.843034e-25   12
  3.561458e-01   1.655987e-24   0.000000e+00   1.082844e-25   168
  3.566867e-01   2.773333e-24   3.973643e-09   3.130325e-25   24
  3.572267e-01   1.344890e-24   0.000000e+00   1.304884e-25   72
  3.577659e-01   1.365239e-24   0.000000e+00   1.077114e-25   48
  3.583043e-01   9.469232e-25   5.619580e-09   6.389151e-26   96
  3.588419e-01   1.724024e-24   0.000000e+00   1.541585e-25   48
  3.599147e-01   1.869638e-24   5.619580e-09   3.331551e-25   24
  3.604498e-01   8.758225e-25   0.000000e+00   1.000110e-25   36
  3.609842e-01   1.220430e-24   7.078835e-09   8.156722e-26   132
  3.615178e-01   9.844409e-25   7.492773e-09   1.249191e-25   72
  3.620507e-01   1.373592e-24   0.000000e+00   1.518776e-25   24
  3.625827e-01   1.376931e-24   0.000000e+00   8.555550e-26   192
  3.631140e-01   1.098910e-24   0.000000e+00   6.423030e-26   144
  3.641741e-01   1.033802e-24   0.000000e+00   8.320696e-26   72
  3.647031e-01   1.086489e-24   0.000000e+00   9.288837e-26   72
  3.652313e-01   1.268314e-24   5.619580e-09   9.890054e-26   96
  3.657587e-01   1.047751e-24   0.000000e+00   8.174169e-26   72
  3.668112e-01   9.719162e-25   0.000000e+00   6.278319e-26   96
  3.673364e-01   1.099589e-24   0.000000e+00   6.683817e-26   144
  3.683844e-01   5.759717e-25   5.619580e-09   7.888997e-26   24
  3.689073e-01   1.128628e-24   0.000000e+00   8.112504e-26   96
  3.694295e-01   9.832298e-25   6.422377e-09   9.738761e-26   84
  3.699509e-01   1.499686e-24   0.000000e+00   1.046569e-25   96
  3.704716e-01   1.187294e-24   0.000000e+00   7.793497e-26   84
  3.709915e-01   1.590869e-24   3.973643e-09   2.075383e-25   24
  3.715108e-01   7.433229e-25   0.000000e+00   7.597874e-26   24
  3.725471e-01   1.379416e-24   0.000000e+00   1.740495e-25   72
  3.730641e-01   1.158511e-24   0.000000e+00   1.167675e-25   48
  3.736127e-01   1.020957e-24   1.248164e-04   6.944634e-26   128
  3.740961e-01   6.830172e-25   5.619580e-09   4.598777e-26   24
  3.751253e-01   8.999357e-25   5.298191e-09   6.278417e-26   144
  3.756388e-01   8.060710e-25   0.000000e+00   5.180415e-26   96
  3.771752e-01   9.546706e-25   0.000000e+00   5.967405e-26   144
  3.776859e-01   1.294246e-24   5.619580e-09   1.041379e-25   96
  3.781959e-01   7.744203e-25   7.947286e-09   6.725347e-26   96
  3.787053e-01   1.754163e-24   5.619580e-09   2.318668e-25   24
  3.792140e-01   1.264984e-24   0.000000e+00   8.380649e-26   72
  3.797219e-01   9.423290e-25   8.991328e-09   6.233137e-26   120
  3.807359e-01   8.676996e-25   5.619580e-09   9.310102e-26   48
  3.812418e-01   7.005096e-25   0.000000e+00   4.845745e-26   108
  3.817471e-01   1.382337e-24   0.000000e+00   1.172739e-25   72
  3.832590e-01   9.250180e-25   5.298191e-09   5.555170e-26   144
  3.837616e-01   1.224499e-24   5.619580e-09   1.090893e-25   48
  3.847649e-01   2.195798e-24   5.619580e-09   3.918396e-25   12
  3.855656e-01   1.171327e-24   2.449590e-04   7.560913e-26   120
  3.862650e-01   8.412176e-25   5.619580e-09   6.420651e-26   48
  3.867637e-01   5.433103e-25   5.619580e-09   4.949325e-26   24
  3.872618e-01   7.041031e-25   9.733398e-09   4.759699e-26   96
  3.877593e-01   5.446323e-25   0.000000e+00   3.639655e-26   96
  3.887523e-01   1.714693e-24   7.492773e-09   1.845265e-25   36
  3.892478e-01   8.211944e-25   0.000000e+00   7.411186e-26   48
  3.897427e-01   8.930958e-25   0.000000e+00   6.419379e-26   120
  3.902370e-01   9.565192e-25   0.000000e+00   7.164185e-26   96
  3.907307e-01   8.711343e-25   0.000000e+00   6.959811e-26   48
  3.917161e-01   5.999911e-25   0.000000e+00   4.959524e-26   96
  3.931451e-01   9.538031e-25   1.410282e-04   5.868272e-26   132
  3.936796e-01   1.083476e-24   0.000000e+00   1.671291e-25   48
  3.941690e-01   1.034075e-24   0.000000e+00   7.371072e-26   48
  3.946577e-01   8.995928e-25   0.000000e+00   7.968628e-26   72
  3.951458e-01   8.546447e-25   0.000000e+00   5.709806e-26   72
  3.956334e-01   6.184206e-25   5.619580e-09   5.205335e-26   48
  3.966066e-01   9.535878e-25   0.000000e+00   8.035383e-26   24
  3.970924e-01   7.950317e-25   5.619580e-09   1.022504e-25   48
  3.975775e-01   7.992037e-25   9.733398e-09   6.011696e-26   96
  3.980621e-01   4.429787e-25   0.000000e+00   6.348842e-26   24
  3.990294e-01   5.740958e-25   0.000000e+00   5.437896e-26   72
  3.995122e-01   5.065200e-25   0.000000e+00   4.598243e-26   48
  4.004761e-01   9.914448e-25   5.619580e-09   1.062274e-25   24
  4.009571e-01   5.759127e-25   0.000000e+00   5.114116e-26   72
  4.014376e-01   8.846390e-25   0.000000e+00   6.867365e-26   60
  4.019175e-01   6.071850e-25   5.298191e-09   4.829586e-26   72
  4.023968e-01   1.003248e-24   0.000000e+00   9.907458e-26   24
  4.028756e-01   8.357683e-25   0.000000e+00   1.097276e-25   72
  4.033538e-01   1.009839e-24   9.733398e-09   7.780187e-26   48
  4.047849e-01   9.934706e-25   7.064254e-09   9.171712e-26   108
  4.052609e-01   9.201272e-25   0.000000e+00   8.677857e-26   48
  4.057363e-01   5.227003e-25   5.619580e-09   3.516585e-26   48
  4.062111e-01   7.996994e-25   0.000000e+00   9.211384e-26   24
  4.066854e-01   8.224381e-25   7.492773e-09   9.172457e-26   72
  4.071591e-01   7.793825e-25   0.000000e+00   5.223525e-26   96
  4.085095e-01   5.935305e-25   1.651903e-04   5.133668e-26   56
  4.090485e-01   7.444033e-25   0.000000e+00   6.868914e-26   72
  4.099899e-01   5.374268e-25   0.000000e+00   6.447744e-26   24
  4.104598e-01   8.528434e-25   0.000000e+00   6.803098e-26   72
  4.109291e-01   5.018592e-25   5.619580e-09   5.056930e-26   48
  4.121469e-01   6.537558e-25   2.291567e-04   4.207311e-26   120
  4.132680e-01   7.989128e-25   5.619580e-09   7.166772e-26   48
  4.146649e-01   5.709555e-25   0.000000e+00   3.789789e-26   144
  4.160572e-01   8.460272e-25   5.619580e-09   1.206862e-25   24
  4.165203e-01   6.631101e-25   0.000000e+00   5.362612e-26   84
  4.169828e-01   7.744403e-25   0.000000e+00   9.318723e-26   24
  4.174448e-01   1.717185e-24   5.619580e-09   2.566572e-25   12
  4.179064e-01   1.096824e-24   7.947286e-09   8.973138e-26   24
  4.183674e-01   9.313292e-25   0.000000e+00   7.848536e-26   24
  4.195385e-01   6.648888e-25   2.287955e-04   4.139773e-26   132
  4.202064e-01   5.909120e-25   5.298191e-09   4.300113e-26   72
  4.206649e-01   6.030616e-25   5.619580e-09   6.214388e-26   48
  4.215803e-01   6.603291e-25   0.000000e+00   5.364076e-26   96
  4.229499e-01   6.662872e-25   0.000000e+00   8.102387e-26   24
  4.234054e-01   3.994814e-25   0.000000e+00   3.800532e-26   48
  4.238604e-01   1.030756e-24   0.000000e+00   1.113719e-25   24
  4.243149e-01   5.088122e-25   0.000000e+00   5.513608e-26   24
  4.247690e-01   9.434752e-25   0.000000e+00   8.691541e-26   24
  4.252226e-01   6.165155e-25   0.000000e+00   6.417673e-26   48
  4.256757e-01   6.964599e-25   7.947286e-09   1.086151e-25   48
  4.270320e-01   3.459498e-25   7.947286e-09   3.310564e-26   24
  4.274832e-01   7.516535e-25   0.000000e+00   1.147883e-25   24
  4.279339e-01   5.385865e-25   0.000000e+00   4.233725e-26   72
  4.288339e-01   6.590377e-25   5.619580e-09   4.367008e-26   48
  4.306282e-01   8.981558e-25   0.000000e+00   1.392761e-25   36
  4.310756e-01   9.250768e-25   5.619580e-09   1.404451e-25   48
  4.319690e-01   2.527779e-25   0.000000e+00   4.394984e-26   24
  4.324150e-01   6.871460e-25   7.492773e-09   5.558869e-26   72
  4.328606e-01   4.221253e-25   0.000000e+00   4.897661e-26   72
  4.337503e-01   8.258625e-25   0.000000e+00   1.090770e-25   24
  4.345273e-01   5.901138e-25   1.921429e-04   5.639242e-26   96
  4.355244e-01   4.040773e-25   0.000000e+00   4.398235e-26   24
  4.364087e-01   5.117439e-25   0.000000e+00   5.310285e-26   48
  4.377318e-01   7.888189e-25   0.000000e+00   7.030289e-26   24
  4.381719e-01   6.682955e-25   5.619580e-09   1.549676e-25   12
  4.386117e-01   6.622564e-25   5.619580e-09   7.598305e-26   24
  4.390509e-01   5.846496e-25   0.000000e+00   8.096413e-26   24
  4.397820e-01   5.157031e-25   2.066609e-04   5.041792e-26   72
  4.416774e-01   6.342977e-25   5.619580e-09   5.948329e-26   48
  4.421136e-01   2.716178e-25   0.000000e+00   4.137341e-26   8
  4.429848e-01   3.418012e-25   7.947286e-09   3.715157e-26   48
  4.446991e-01   6.816906e-25   9.683574e-05   1.427704e-25   57
  4.451552e-01   4.770027e-25   0.000000e+00   5.580303e-26   24
  4.455880e-01   4.459072e-25   5.619580e-09   4.654752e-26   48
  4.460204e-01   8.130789e-25   1.101208e-08   1.118511e-25   30
  4.464524e-01   5.277182e-25   0.000000e+00   6.587046e-26   24
  4.481762e-01   4.956270e-25   4.890638e-09   3.968224e-26   78
  4.498933e-01   8.347490e-25   0.000000e+00   1.445118e-25   24
  4.511769e-01   1.507745e-24   0.000000e+00   1.029692e-25   6
  4.520306e-01   8.857989e-25   0.000000e+00   9.893324e-26   24
  4.524568e-01   5.797293e-25   0.000000e+00   6.335024e-26   24
  4.535206e-01   4.310126e-25   2.125214e-04   3.653298e-26   48
  4.545821e-01   3.148400e-25   0.000000e+00   3.911268e-26   24
  4.550059e-01   1.762378e-24   0.000000e+00   3.937006e-25   6
  4.554294e-01   3.631412e-25   0.000000e+00   3.208564e-26   48
  4.571193e-01   3.437230e-25   5.619580e-09   3.261333e-26   48
  4.579619e-01   5.072230e-25   0.000000e+00   4.085747e-26   12
  4.583826e-01   5.964871e-25   7.947286e-09   7.870950e-26   24
  4.588030e-01   3.647076e-25   0.000000e+00   6.654367e-26   24
  4.596425e-01   1.043781e-24   0.000000e+00   3.905109e-25   6
  4.604805e-01   3.994110e-25   0.000000e+00   5.028441e-26   24
  4.613170e-01   3.054509e-25   5.619580e-09   3.898215e-26   24
  4.652466e-01   4.610500e-25   2.058721e-04   5.328358e-26   54
  4.658907e-01   3.194887e-25   0.000000e+00   3.215422e-26   24
  4.667175e-01   3.457064e-25   0.000000e+00   3.219214e-26   48
  4.683667e-01   3.860768e-25   0.000000e+00   5.651887e-26   24
  4.691891e-01   3.536635e-25   0.000000e+00   3.511117e-26   24
  4.700101e-01   4.593398e-25   9.733398e-09   4.587813e-26   24
  4.712389e-01   6.932436e-25   5.619580e-09   2.096354e-26   6
  4.732798e-01   6.160121e-25   7.947286e-09   7.150376e-26   24
  4.761223e-01   1.986407e-25   0.000000e+00   2.067006e-26   8
  4.769314e-01   3.275724e-25   0.000000e+00   2.951806e-26   48
  4.781424e-01   3.801678e-25   7.947286e-09   4.962949e-26   6
  4.785454e-01   3.754105e-25   0.000000e+00   3.827139e-26   36
  4.793503e-01   3.422478e-25   5.619580e-09   3.167951e-26   24
  4.817571e-01   4.159702e-25   7.947286e-09   6.703955e-26   24
  4.857419e-01   4.097241e-25   0.000000e+00   2.857323e-26   6
  4.877221e-01   3.485559e-25   0.000000e+00   4.771987e-26   24
  4.885120e-01   2.615322e-25   0.000000e+00   4.437370e-26   24
  4.893005e-01   2.622319e-25   0.000000e+00   3.958029e-26   24
  4.908739e-01   3.442783e-25   0.000000e+00   4.467455e-26   24
  4.940055e-01   4.918800e-25   1.123916e-08   4.669795e-26   6
  4.990524e-01   3.539936e-25   5.619580e-09   4.409601e-26   24
  4.998243e-01   1.883431e-25   0.000000e+00   3.660147e-26   12
  5.005951e-01   3.325831e-25   7.947286e-09   5.038803e-26   24
  5.029002e-01   3.447380e-25   0.000000e+00   2.021616e-26   6
  5.101311e-01   2.982736e-25   0.000000e+00   7.257410e-26   8
  5.108863e-01   3.172921e-25   5.619580e-09   3.303718e-26   24
  5.123933e-01   3.366344e-25   0.000000e+00   2.248859e-26   6
  5.217137e-01   4.306571e-25   0.000000e+00   5.714678e-26   12
  5.224521e-01   1.444176e-25   0.000000e+00   2.023633e-26   6
  5.330447e-01   4.944033e-25   0.000000e+00   1.436886e-25   6
