# power spectrum of phi
# redshift z=1.000000
# k              Pk             sigma(k)       sigma(Pk)      count
  1.963495e-02   1.299380e-10   0.000000e+00   4.800386e-11   6
  2.776802e-02   1.880661e-10   0.000000e+00   4.124634e-11   12
  3.400874e-02   9.166634e-11   3.725290e-10   2.587186e-11   8
  3.926991e-02   8.185766e-11   0.000000e+00   2.132699e-11   6
  4.390509e-02   6.251286e-11   0.000000e+00   7.925803e-12   24
  4.809562e-02   4.968063e-11   7.024475e-10   9.661670e-12   24
  5.553604e-02   1.324511e-11   0.000000e+00   3.033194e-12   12
  5.890486e-02   3.610085e-11   7.947286e-10   4.349298e-12   30
  6.209118e-02   2.217539e-11   0.000000e+00   4.134171e-12   24
  6.512178e-02   2.592570e-11   1.216675e-09   5.046261e-12   24
  6.801748e-02   4.405870e-11   7.450581e-10   1.566717e-11   8
  7.079483e-02   1.897674e-11   9.934107e-10   3.496193e-12   24
  7.346727e-02   1.521007e-11   0.000000e+00   1.735576e-12   48
  7.853982e-02   1.366435e-11   0.000000e+00   4.148627e-13   6
  8.095699e-02   1.915835e-11   1.404895e-09   2.242666e-12   48
  8.330406e-02   1.636248e-11   0.000000e+00   2.365211e-12   36
  8.558678e-02   7.134854e-12   9.934107e-10   1.948809e-12   24
  8.781018e-02   9.260564e-12   0.000000e+00   1.526385e-12   24
  8.997866e-02   9.805123e-12   0.000000e+00   1.348638e-12   48
  9.209610e-02   1.271348e-11   1.404895e-09   2.443377e-12   24
  9.619124e-02   7.463245e-12   1.404895e-09   1.542199e-12   24
  9.817477e-02   9.696020e-12   0.000000e+00   1.877745e-12   30
  1.001190e-01   9.498707e-12   0.000000e+00   9.734173e-13   72
  1.020262e-01   1.000318e-11   1.490116e-09   1.579424e-12   32
  1.057375e-01   6.288495e-12   0.000000e+00   9.214262e-13   72
  1.075451e-01   6.584093e-12   0.000000e+00   8.623347e-13   48
  1.110721e-01   3.208057e-12   0.000000e+00   6.210719e-13   12
  1.127942e-01   6.448714e-12   0.000000e+00   8.640162e-13   48
  1.144905e-01   5.531592e-12   0.000000e+00   8.025024e-13   48
  1.161620e-01   4.001483e-12   1.404895e-09   5.861599e-13   48
  1.178097e-01   3.959697e-12   1.589457e-09   8.254185e-13   30
  1.194348e-01   5.971466e-12   1.404895e-09   9.048426e-13   24
  1.210380e-01   5.056447e-12   2.961779e-09   4.450997e-13   72
  1.241824e-01   4.911336e-12   0.000000e+00   1.932974e-12   24
  1.257251e-01   5.348158e-12   0.000000e+00   5.081570e-13   96
  1.272490e-01   2.701526e-12   0.000000e+00   4.553228e-13   48
  1.287550e-01   2.931663e-12   2.433349e-09   5.035059e-13   24
  1.302436e-01   6.978684e-12   2.433349e-09   1.142938e-12   24
  1.317153e-01   3.513372e-12   0.000000e+00   4.528611e-13   72
  1.331707e-01   4.130862e-12   0.000000e+00   5.521471e-13   48
  1.360350e-01   3.842869e-12   1.490116e-09   1.450769e-12   8
  1.374447e-01   3.441467e-12   1.766064e-09   2.982802e-13   54
  1.388401e-01   3.794925e-12   0.000000e+00   5.136540e-13   84
  1.402216e-01   2.797012e-12   0.000000e+00   3.629410e-13   48
  1.415897e-01   2.441248e-12   1.986821e-09   6.573578e-13   24
  1.429446e-01   2.836310e-12   1.873193e-09   3.450981e-13   72
  1.442869e-01   2.672967e-12   0.000000e+00   2.350685e-13   96
  1.469345e-01   1.895364e-12   0.000000e+00   2.065921e-13   48
  1.482407e-01   2.070538e-12   0.000000e+00   3.220974e-13   48
  1.495354e-01   2.032935e-12   1.986821e-09   4.411968e-13   24
  1.508189e-01   1.772222e-12   0.000000e+00   2.196596e-13   72
  1.533539e-01   1.654003e-12   1.873193e-09   2.093831e-13   72
  1.546058e-01   1.617116e-12   0.000000e+00   1.447595e-13   96
  1.570796e-01   7.461136e-13   0.000000e+00   3.497838e-13   6
  1.583021e-01   1.911319e-12   0.000000e+00   2.559064e-13   96
  1.595151e-01   1.763820e-12   1.986821e-09   1.768806e-13   96
  1.607190e-01   1.817009e-12   0.000000e+00   3.189030e-13   24
  1.619140e-01   1.550689e-12   2.809790e-09   1.877242e-13   48
  1.631002e-01   1.354915e-12   0.000000e+00   1.241276e-13   96
  1.642778e-01   7.592047e-13   0.000000e+00   8.625299e-14   48
  1.666081e-01   1.898789e-12   0.000000e+00   4.001237e-13   36
  1.677611e-01   1.245604e-12   3.441276e-09   2.454882e-13   48
  1.689063e-01   1.251768e-12   3.893359e-09   1.253498e-13   120
  1.700437e-01   1.281552e-12   0.000000e+00   1.523614e-13   56
  1.711736e-01   5.590664e-13   1.986821e-09   1.317049e-13   24
  1.722960e-01   9.263745e-13   0.000000e+00   9.909021e-14   96
  1.734112e-01   1.063759e-12   0.000000e+00   1.463098e-13   48
  1.756204e-01   1.156485e-12   0.000000e+00   2.289934e-13   24
  1.767146e-01   1.312915e-12   0.000000e+00   1.284129e-13   102
  1.778021e-01   2.210099e-12   0.000000e+00   3.644494e-13   48
  1.788829e-01   1.868220e-12   0.000000e+00   2.431645e-13   72
  1.799573e-01   8.837654e-13   0.000000e+00   1.493571e-13   48
  1.810253e-01   1.866914e-12   0.000000e+00   3.657446e-13   48
  1.820871e-01   1.243494e-12   4.495664e-09   1.407000e-13   120
  1.841922e-01   3.770595e-13   2.809790e-09   8.230575e-14   24
  1.852358e-01   9.043768e-13   2.649095e-09   7.134448e-14   144
  1.862735e-01   8.065189e-13   3.178914e-09   8.328849e-14   120
  1.873055e-01   1.613349e-12   2.809790e-09   2.041653e-13   48
  1.893526e-01   7.308119e-13   2.809790e-09   1.215785e-13   48
  1.903679e-01   8.646814e-13   2.809790e-09   1.113942e-13   96
  1.923825e-01   7.133920e-13   2.809790e-09   7.068553e-14   24
  1.933819e-01   7.095759e-13   0.000000e+00   1.985138e-13   48
  1.943761e-01   7.453402e-13   3.532127e-09   7.669505e-14   108
  1.953653e-01   5.593816e-13   0.000000e+00   6.017838e-14   72
  1.963495e-01   1.239631e-12   0.000000e+00   3.172061e-13   30
  1.973288e-01   8.658602e-13   0.000000e+00   7.229112e-14   168
  1.983033e-01   1.292977e-12   0.000000e+00   2.727030e-13   48
  2.002380e-01   8.076362e-13   0.000000e+00   1.078245e-13   72
  2.011984e-01   1.413520e-12   0.000000e+00   1.727961e-13   96
  2.021542e-01   6.352079e-13   5.298191e-09   5.602365e-14   72
  2.031055e-01   5.943972e-13   0.000000e+00   7.167534e-14   72
  2.040524e-01   7.906952e-13   2.980232e-09   1.194137e-13   32
  2.049949e-01   5.746644e-13   2.649095e-09   7.079021e-14   72
  2.059331e-01   7.726982e-13   3.746387e-09   9.262359e-14   144
  2.087224e-01   9.413485e-13   6.282881e-09   1.053045e-13   96
  2.096439e-01   3.131092e-13   0.000000e+00   3.567539e-14   96
  2.105614e-01   2.977729e-13   0.000000e+00   3.108169e-14   48
  2.114749e-01   4.632346e-13   0.000000e+00   7.810291e-14   72
  2.123845e-01   5.320681e-13   0.000000e+00   6.972810e-14   120
  2.132902e-01   6.131132e-13   0.000000e+00   6.676459e-14   72
  2.150901e-01   9.206554e-13   0.000000e+00   1.099316e-13   48
  2.159845e-01   3.587319e-13   4.235416e-09   4.885836e-14   78
  2.168752e-01   5.176658e-13   3.178914e-09   7.354045e-14   120
  2.177622e-01   5.672353e-13   3.973643e-09   1.204928e-13   48
  2.195255e-01   6.463830e-13   3.746387e-09   9.420100e-14   144
  2.204018e-01   7.631973e-13   3.746387e-09   6.905422e-14   144
  2.221441e-01   4.091597e-13   0.000000e+00   1.148518e-13   12
  2.230102e-01   4.874434e-13   0.000000e+00   4.863866e-14   144
  2.238729e-01   5.540916e-13   4.866699e-09   9.569331e-14   48
  2.247323e-01   4.949034e-13   3.178914e-09   6.275066e-14   120
  2.255884e-01   3.429491e-13   0.000000e+00   4.479460e-14   48
  2.264413e-01   1.872232e-13   0.000000e+00   2.349107e-14   48
  2.272910e-01   3.417554e-13   0.000000e+00   3.478363e-14   168
  2.289809e-01   2.737984e-13   0.000000e+00   4.433077e-14   48
  2.298212e-01   3.020641e-13   2.809790e-09   5.658361e-14   96
  2.306585e-01   3.585058e-13   2.809790e-09   5.147623e-14   96
  2.314927e-01   2.696382e-13   0.000000e+00   4.207063e-14   72
  2.323239e-01   2.438055e-13   2.809790e-09   3.490489e-14   48
  2.331522e-01   3.651860e-13   0.000000e+00   4.188821e-14   96
  2.339775e-01   1.311450e-13   0.000000e+00   1.828415e-14   48
  2.356194e-01   2.033619e-13   3.178914e-09   2.780104e-14   30
  2.364362e-01   6.444734e-13   2.809790e-09   1.267783e-13   96
  2.372501e-01   3.391243e-13   0.000000e+00   3.601064e-14   192
  2.380612e-01   6.019235e-13   3.973643e-09   8.487057e-14   48
  2.380612e-01   7.757923e-14   0.000000e+00   1.528098e-14   8
  2.388695e-01   8.754185e-13   2.809790e-09   2.217143e-13   24
  2.396752e-01   3.087831e-13   0.000000e+00   3.209388e-14   168
  2.404781e-01   2.830703e-13   0.000000e+00   2.485960e-14   120
  2.420760e-01   3.926148e-13   5.923557e-09   7.181160e-14   72
  2.428710e-01   2.870821e-13   3.746387e-09   3.482549e-14   144
  2.436634e-01   4.215524e-13   0.000000e+00   5.336673e-14   96
  2.444532e-01   1.731306e-13   0.000000e+00   2.201923e-14   96
  2.460253e-01   7.047213e-13   4.588368e-09   9.000356e-14   72
  2.468075e-01   1.933290e-13   3.973643e-09   2.856681e-14   96
  2.483647e-01   5.626976e-13   0.000000e+00   1.244988e-13   24
  2.491396e-01   2.714458e-13   0.000000e+00   2.374694e-14   192
  2.499122e-01   2.186284e-13   3.532127e-09   3.007943e-14   108
  2.506823e-01   1.425696e-13   0.000000e+00   2.868228e-14   24
  2.514501e-01   2.367208e-13   0.000000e+00   2.868181e-14   96
  2.522156e-01   1.324494e-13   0.000000e+00   1.302745e-14   96
  2.529787e-01   1.416085e-13   3.178914e-09   1.560533e-14   120
  2.544981e-01   1.457287e-13   0.000000e+00   1.825277e-14   48
  2.552544e-01   3.629416e-13   5.989783e-09   4.877658e-14   78
  2.560085e-01   3.590363e-13   0.000000e+00   4.467793e-14   144
  2.567603e-01   2.378185e-13   0.000000e+00   4.780162e-14   120
  2.575100e-01   9.126970e-14   4.866699e-09   1.769192e-14   24
  2.582575e-01   3.520225e-13   0.000000e+00   6.183410e-14   168
  2.590028e-01   4.412997e-13   0.000000e+00   7.353139e-14   144
  2.604871e-01   1.702387e-13   4.866699e-09   3.737927e-14   24
  2.612261e-01   4.990583e-13   0.000000e+00   9.770379e-14   48
  2.619630e-01   2.961521e-13   2.809790e-09   3.526517e-14   96
  2.626978e-01   4.851977e-13   0.000000e+00   8.065292e-14   120
  2.634306e-01   1.009761e-13   0.000000e+00   9.571013e-15   72
  2.641613e-01   1.227584e-13   4.495664e-09   9.714831e-15   120
  2.648900e-01   2.681543e-13   0.000000e+00   3.114782e-14   144
  2.663415e-01   1.719329e-13   0.000000e+00   3.460668e-14   48
  2.670642e-01   1.282737e-13   5.619580e-09   1.132739e-14   192
  2.677851e-01   2.315709e-13   0.000000e+00   2.702380e-14   144
  2.685040e-01   2.395293e-13   0.000000e+00   4.416584e-14   48
  2.699360e-01   1.943459e-13   0.000000e+00   2.194894e-14   192
  2.706492e-01   5.811021e-14   0.000000e+00   8.513136e-15   48
  2.720699e-01   5.373514e-14   2.980232e-09   1.235274e-14   8
  2.727775e-01   8.588679e-14   3.973643e-09   1.106701e-14   48
  2.734833e-01   1.607980e-13   8.991328e-09   1.530138e-14   240
  2.741872e-01   1.998921e-13   0.000000e+00   2.396580e-14   96
  2.748894e-01   1.847389e-13   3.532127e-09   3.437040e-14   54
  2.755897e-01   2.278522e-13   0.000000e+00   3.851668e-14   120
  2.762883e-01   3.343978e-13   3.178914e-09   5.386614e-14   120
  2.776802e-01   2.540720e-13   0.000000e+00   5.808776e-14   84
  2.783735e-01   3.101060e-13   0.000000e+00   4.407852e-14   144
  2.790651e-01   8.831386e-14   3.746387e-09   9.420230e-15   72
  2.797550e-01   1.323034e-13   0.000000e+00   1.618382e-14   96
  2.804432e-01   2.734812e-13   0.000000e+00   5.782168e-14   48
  2.811298e-01   2.995557e-13   0.000000e+00   6.394923e-14   96
  2.818146e-01   1.833113e-13   4.495664e-09   2.942971e-14   240
  2.831793e-01   9.141389e-14   3.973643e-09   1.629142e-14   24
  2.838592e-01   1.912964e-13   0.000000e+00   2.265944e-14   240
  2.845375e-01   1.059834e-13   5.619580e-09   1.348627e-14   96
  2.852142e-01   6.147827e-14   0.000000e+00   9.415797e-15   72
  2.858892e-01   2.109875e-13   3.746387e-09   5.031596e-14   72
  2.865627e-01   1.511530e-13   0.000000e+00   1.925155e-14   96
  2.872346e-01   1.813735e-13   0.000000e+00   1.802973e-14   72
  2.885737e-01   1.505848e-13   0.000000e+00   1.807489e-14   96
  2.892409e-01   5.449113e-14   3.973643e-09   5.701223e-15   96
  2.899066e-01   5.790412e-14   7.786718e-09   6.547226e-15   120
  2.905708e-01   7.819265e-14   3.973643e-09   8.505307e-15   96
  2.918946e-01   1.881354e-13   0.000000e+00   2.027108e-14   192
  2.925542e-01   1.398911e-13   3.746387e-09   1.290553e-14   144
  2.938691e-01   4.958404e-14   0.000000e+00   7.576824e-15   48
  2.945243e-01   6.315400e-14   6.229375e-09   6.562357e-15   150
  2.951781e-01   9.510846e-14   5.619580e-09   2.117802e-14   96
  2.958304e-01   1.136164e-13   7.108269e-09   2.097185e-14   120
  2.964813e-01   8.139712e-14   0.000000e+00   1.931026e-14   48
  2.971308e-01   1.132753e-13   5.506041e-09   2.088723e-14   120
  2.977788e-01   8.433696e-14   0.000000e+00   8.618721e-15   240
  2.990707e-01   9.006054e-14   3.973643e-09   1.583321e-14   24
  2.997146e-01   9.427159e-14   0.000000e+00   1.067775e-14   144
  3.003570e-01   4.920063e-14   7.064254e-09   5.839218e-15   216
  3.009981e-01   1.669000e-13   0.000000e+00   2.691003e-14   48
  3.016379e-01   4.793117e-14   0.000000e+00   5.323574e-15   72
  3.022763e-01   6.081506e-14   0.000000e+00   5.757028e-15   144
  3.029133e-01   1.322656e-13   0.000000e+00   2.099673e-14   96
  3.048165e-01   6.264546e-14   0.000000e+00   6.567436e-15   144
  3.054482e-01   6.804374e-14   0.000000e+00   7.751244e-15   132
  3.060786e-01   6.050669e-14   0.000000e+00   9.559650e-15   104
  3.067078e-01   2.399538e-14   3.746387e-09   2.697751e-15   72
  3.073356e-01   6.714385e-14   6.422377e-09   7.109399e-15   168
  3.079622e-01   3.731726e-14   0.000000e+00   3.602511e-15   144
  3.092116e-01   3.711643e-14   0.000000e+00   4.219584e-15   96
  3.098343e-01   3.276128e-14   0.000000e+00   3.376111e-15   144
  3.104559e-01   7.528136e-14   0.000000e+00   9.849350e-15   144
  3.110762e-01   4.244190e-14   9.082613e-09   3.467032e-15   168
  3.123131e-01   1.746803e-14   0.000000e+00   1.676557e-15   48
  3.129297e-01   5.659368e-14   3.973643e-09   6.018854e-15   192
  3.141593e-01   2.451384e-13   0.000000e+00   9.384593e-14   3
  3.147723e-01   4.955382e-14   5.994218e-09   7.424536e-15   180
  3.153841e-01   6.797200e-14   0.000000e+00   1.510773e-14   84
  3.159947e-01   4.605369e-14   5.619580e-09   6.753539e-15   96
  3.166041e-01   6.659309e-14   0.000000e+00   1.191305e-14   84
  3.172124e-01   5.612830e-14   6.882552e-09   7.174967e-15   192
  3.178195e-01   6.639460e-14   0.000000e+00   1.048523e-14   72
  3.190302e-01   5.070407e-14   6.422377e-09   1.132044e-14   84
  3.196339e-01   9.623418e-14   0.000000e+00   1.600005e-14   84
  3.202364e-01   5.720317e-14   0.000000e+00   7.303123e-15   216
  3.208378e-01   1.772497e-14   0.000000e+00   2.290588e-15   48
  3.214381e-01   3.692169e-14   0.000000e+00   7.263063e-15   24
  3.220372e-01   5.274624e-14   0.000000e+00   9.666343e-15   240
  3.226352e-01   3.132455e-14   0.000000e+00   3.289123e-15   192
  3.238280e-01   5.382163e-14   0.000000e+00   1.555259e-14   36
  3.244227e-01   1.133517e-13   0.000000e+00   2.425781e-14   72
  3.250163e-01   3.888101e-14   0.000000e+00   5.259083e-15   132
  3.256089e-01   4.683879e-14   0.000000e+00   5.356248e-15   120
  3.262004e-01   8.234267e-14   0.000000e+00   1.521219e-14   72
  3.267908e-01   3.358378e-14   0.000000e+00   3.230807e-15   72
  3.273801e-01   4.314472e-14   1.015467e-08   4.005646e-15   168
  3.285556e-01   9.492455e-15   0.000000e+00   1.000092e-15   48
  3.291418e-01   3.725541e-14   6.477696e-09   4.683370e-15   204
  3.297269e-01   5.865761e-14   0.000000e+00   1.014342e-14   72
  3.303111e-01   2.500020e-14   0.000000e+00   4.080120e-15   72
  3.314762e-01   2.775039e-14   0.000000e+00   3.888907e-15   168
  3.320572e-01   2.120938e-14   3.746387e-09   2.050422e-15   144
  3.332162e-01   5.364630e-14   0.000000e+00   6.947490e-15   24
  3.337942e-01   1.698876e-14   3.973643e-09   2.020647e-15   96
  3.343712e-01   3.130843e-14   0.000000e+00   2.772267e-15   192
  3.349472e-01   1.256390e-14   0.000000e+00   1.282015e-15   72
  3.355222e-01   6.452649e-14   5.298191e-09   1.947001e-14   36
  3.360963e-01   2.848811e-14   7.865773e-09   3.689554e-15   168
  3.366693e-01   1.342762e-14   0.000000e+00   1.295868e-15   120
  3.378125e-01   3.761119e-14   6.882552e-09   4.791328e-15   96
  3.383827e-01   2.900952e-14   0.000000e+00   3.267985e-15   144
  3.389519e-01   3.954794e-14   0.000000e+00   4.949591e-15   48
  3.395201e-01   1.515539e-14   1.059638e-08   1.815586e-15   144
  3.400874e-01   1.259786e-14   0.000000e+00   1.449442e-15   56
  3.406537e-01   2.479623e-14   5.298191e-09   4.503841e-15   72
  3.412191e-01   9.850334e-15   3.973643e-09   1.173926e-15   96
  3.423471e-01   9.063488e-15   3.973643e-09   2.277488e-15   24
  3.429097e-01   1.759910e-14   0.000000e+00   1.703768e-15   156
  3.434714e-01   2.590810e-14   4.890638e-09   3.298852e-15   156
  3.440322e-01   3.317448e-14   3.973643e-09   4.024746e-15   48
  3.445920e-01   2.689038e-14   0.000000e+00   5.164050e-15   72
  3.451510e-01   3.245502e-14   0.000000e+00   9.068850e-15   72
  3.457090e-01   2.316884e-14   3.973643e-09   1.824905e-15   96
  3.468224e-01   2.074359e-14   0.000000e+00   2.590214e-15   48
  3.473778e-01   1.434118e-14   6.882552e-09   1.318893e-15   96
  3.479323e-01   1.533082e-14   9.990364e-09   1.690779e-15   216
  3.484859e-01   1.537469e-14   0.000000e+00   1.622147e-15   96
  3.495904e-01   1.585641e-14   0.000000e+00   1.658356e-15   96
  3.501414e-01   7.868508e-15   0.000000e+00   5.638338e-16   96
  3.512407e-01   3.726314e-14   0.000000e+00   6.005594e-15   12
  3.517891e-01   1.607226e-14   0.000000e+00   1.384412e-15   168
  3.523367e-01   1.310311e-14   0.000000e+00   1.129559e-15   96
  3.528833e-01   5.425351e-15   3.973643e-09   7.150384e-16   48
  3.534292e-01   1.508695e-14   6.488932e-09   2.765092e-15   72
  3.539742e-01   9.128672e-15   4.495664e-09   1.097974e-15   120
  3.545183e-01   1.277626e-14   7.947286e-09   9.905113e-16   192
  3.556041e-01   1.028856e-14   0.000000e+00   2.902929e-15   12
  3.561458e-01   1.488062e-14   0.000000e+00   1.435365e-15   168
  3.566867e-01   2.351385e-14   3.973643e-09   3.439583e-15   24
  3.572267e-01   8.344729e-15   0.000000e+00   1.125632e-15   72
  3.577659e-01   1.240156e-14   0.000000e+00   1.834495e-15   48
  3.583043e-01   7.529678e-15   5.619580e-09   8.212724e-16   96
  3.588419e-01   1.421516e-14   0.000000e+00   1.544084e-15   48
  3.599147e-01   3.001063e-14   5.619580e-09   4.932319e-15   24
  3.604498e-01   1.307981e-14   0.000000e+00   3.462229e-15   36
  3.609842e-01   1.428775e-14   7.078835e-09   1.899430e-15   132
  3.615178e-01   8.346092e-15   7.492773e-09   1.319781e-15   72
  3.620507e-01   1.145340e-14   0.000000e+00   1.853262e-15   24
  3.625827e-01   1.335514e-14   0.000000e+00   1.406336e-15   192
  3.631140e-01   9.383132e-15   0.000000e+00   1.012932e-15   144
  3.641741e-01   8.899166e-15   0.000000e+00   1.456121e-15   72
  3.647031e-01   1.314022e-14   0.000000e+00   2.265524e-15   72
  3.652313e-01   1.285372e-14   5.619580e-09   1.581063e-15   96
  3.657587e-01   1.182298e-14   0.000000e+00   1.514163e-15   72
  3.668112e-01   7.084396e-15   0.000000e+00   6.363532e-16   96
  3.673364e-01   1.010385e-14   0.000000e+00   9.529720e-16   144
  3.683844e-01   4.804486e-15   5.619580e-09   1.480652e-15   24
  3.689073e-01   1.011663e-14   0.000000e+00   1.269580e-15   96
  3.694295e-01   1.012359e-14   6.422377e-09   1.247236e-15   84
  3.699509e-01   1.268887e-14   0.000000e+00   1.287125e-15   96
  3.704716e-01   1.034885e-14   0.000000e+00   1.060472e-15   84
  3.709915e-01   1.307800e-14   3.973643e-09   1.489979e-15   24
  3.715108e-01   3.117182e-15   0.000000e+00   3.674267e-16   24
  3.725471e-01   9.050830e-15   0.000000e+00   1.615245e-15   72
  3.730641e-01   8.257726e-15   0.000000e+00   7.157909e-16   48
  3.736127e-01   8.055489e-15   1.248164e-04   6.871829e-16   128
  3.740961e-01   7.906381e-15   5.619580e-09   1.506922e-15   24
  3.751253e-01   6.553038e-15   5.298191e-09   6.596769e-16   144
  3.756388e-01   7.233425e-15   0.000000e+00   5.657557e-16   96
  3.771752e-01   7.047482e-15   0.000000e+00   7.972920e-16   144
  3.776859e-01   8.101958e-15   5.619580e-09   9.449510e-16   96
  3.781959e-01   4.864353e-15   7.947286e-09   4.140469e-16   96
  3.787053e-01   1.334339e-14   5.619580e-09   1.293554e-15   24
  3.792140e-01   1.450901e-14   0.000000e+00   1.772864e-15   72
  3.797219e-01   5.629841e-15   8.991328e-09   3.919429e-16   120
  3.807359e-01   4.945578e-15   5.619580e-09   5.859340e-16   48
  3.812418e-01   4.176550e-15   0.000000e+00   5.548269e-16   108
  3.817471e-01   1.482971e-14   0.000000e+00   1.657394e-15   72
  3.832590e-01   6.779004e-15   5.298191e-09   6.052337e-16   144
  3.837616e-01   7.070045e-15   5.619580e-09   8.716222e-16   48
  3.847649e-01   4.854919e-15   5.619580e-09   8.492513e-16   12
  3.855656e-01   5.746798e-15   2.449590e-04   5.329420e-16   120
  3.862650e-01   3.162419e-15   5.619580e-09   3.580664e-16   48
  3.867637e-01   2.804701e-15   5.619580e-09   5.720604e-16   24
  3.872618e-01   4.094093e-15   9.733398e-09   3.788008e-16   96
  3.877593e-01   4.003902e-15   0.000000e+00   5.441594e-16   96
  3.887523e-01   8.203799e-15   7.492773e-09   1.563180e-15   36
  3.892478e-01   6.421463e-15   0.000000e+00   8.393454e-16   48
  3.897427e-01   4.973685e-15   0.000000e+00   4.660472e-16   120
  3.902370e-01   7.656156e-15   0.000000e+00   7.499417e-16   96
  3.907307e-01   6.563220e-15   0.000000e+00   8.710480e-16   48
  3.917161e-01   4.763211e-15   0.000000e+00   5.264565e-16   96
  3.931451e-01   5.317617e-15   1.410282e-04   5.580575e-16   132
  3.936796e-01   7.458846e-15   0.000000e+00   1.203800e-15   48
  3.941690e-01   6.946654e-15   0.000000e+00   7.495027e-16   48
  3.946577e-01   4.631855e-15   0.000000e+00   6.755675e-16   72
  3.951458e-01   4.854527e-15   0.000000e+00   8.114540e-16   72
  3.956334e-01   2.284176e-15   5.619580e-09   4.024452e-16   48
  3.966066e-01   6.382852e-15   0.000000e+00   1.595477e-15   24
  3.970924e-01   6.906727e-15   5.619580e-09   1.163216e-15   48
  3.975775e-01   4.923539e-15   9.733398e-09   4.281773e-16   96
  3.980621e-01   3.128185e-15   0.000000e+00   5.531288e-16   24
  3.990294e-01   3.761769e-15   0.000000e+00   4.437535e-16   72
  3.995122e-01   3.044950e-15   0.000000e+00   4.413483e-16   48
  4.004761e-01   1.075918e-14   5.619580e-09   1.330452e-15   24
  4.009571e-01   3.657005e-15   0.000000e+00   5.559338e-16   72
  4.014376e-01   4.224641e-15   0.000000e+00   5.121831e-16   60
  4.019175e-01   3.305225e-15   5.298191e-09   3.833652e-16   72
  4.023968e-01   3.953955e-15   0.000000e+00   5.394177e-16   24
  4.028756e-01   3.715775e-15   0.000000e+00   4.834860e-16   72
  4.033538e-01   6.456027e-15   9.733398e-09   8.370581e-16   48
  4.047849e-01   4.809921e-15   7.064254e-09   5.963631e-16   108
  4.052609e-01   9.039990e-15   0.000000e+00   1.272749e-15   48
  4.057363e-01   1.727577e-15   5.619580e-09   2.263579e-16   48
  4.062111e-01   2.677741e-15   0.000000e+00   5.224497e-16   24
  4.066854e-01   4.626794e-15   7.492773e-09   6.471351e-16   72
  4.071591e-01   3.968354e-15   0.000000e+00   3.662158e-16   96
  4.085095e-01   3.200342e-15   1.651903e-04   4.456406e-16   56
  4.090485e-01   4.437153e-15   0.000000e+00   7.794170e-16   72
  4.099899e-01   3.428227e-15   0.000000e+00   7.979025e-16   24
  4.104598e-01   3.888170e-15   0.000000e+00   5.161459e-16   72
  4.109291e-01   1.636963e-15   5.619580e-09   2.007180e-16   48
  4.121469e-01   3.071059e-15   2.291567e-04   3.517969e-16   120
  4.132680e-01   3.589621e-15   5.619580e-09   5.263416e-16   48
  4.146649e-01   3.221906e-15   0.000000e+00   3.030492e-16   144
  4.160572e-01   2.730467e-15   5.619580e-09   4.275021e-16   24
  4.165203e-01   3.605884e-15   0.000000e+00   4.300468e-16   84
  4.169828e-01   9.168388e-15   0.000000e+00   1.223866e-15   24
  4.174448e-01   8.083888e-15   5.619580e-09   1.973986e-15   12
  4.179064e-01   9.847528e-15   7.947286e-09   1.782830e-15   24
  4.183674e-01   7.517396e-15   0.000000e+00   1.010137e-15   24
  4.195385e-01   2.812389e-15   2.287955e-04   3.105270e-16   132
  4.202064e-01   1.850819e-15   5.298191e-09   2.071394e-16   72
  4.206649e-01   2.031612e-15   5.619580e-09   2.868287e-16   48
  4.215803e-01   3.253424e-15   0.000000e+00   3.943631e-16   96
  4.229499e-01   3.145996e-15   0.000000e+00   4.914064e-16   24
  4.234054e-01   1.052768e-15   0.000000e+00   1.612573e-16   48
  4.238604e-01   4.089098e-15   0.000000e+00   7.648579e-16   24
  4.243149e-01   1.147152e-15   0.000000e+00   1.829585e-16   24
  4.247690e-01   1.693560e-15   0.000000e+00   2.262401e-16   24
  4.252226e-01   1.172648e-15   0.000000e+00   1.364440e-16   48
  4.256757e-01   1.916306e-15   7.947286e-09   2.094871e-16   48
  4.270320e-01   1.536160e-15   7.947286e-09   1.720065e-16   24
  4.274832e-01   3.715137e-15   0.000000e+00   7.107428e-16   24
  4.279339e-01   1.901000e-15   0.000000e+00   2.202359e-16   72
  4.288339e-01   2.918216e-15   5.619580e-09   4.122005e-16   48
  4.306282e-01   3.153624e-15   0.000000e+00   4.933945e-16   36
  4.310756e-01   4.477587e-15   5.619580e-09   8.643821e-16   48
  4.319690e-01   1.167414e-15   0.000000e+00   1.721015e-16   24
  4.324150e-01   3.734376e-15   7.492773e-09   6.388286e-16   72
  4.328606e-01   1.731537e-15   0.000000e+00   2.399648e-16   72
  4.337503e-01   3.128059e-15   0.000000e+00   6.472812e-16   24
  4.345273e-01   2.329068e-15   1.921429e-04   2.914729e-16   96
  4.355244e-01   1.470090e-15   0.000000e+00   1.717744e-16   24
  4.364087e-01   1.162212e-15   0.000000e+00   1.817464e-16   48
  4.377318e-01   4.125967e-15   0.000000e+00   7.614093e-16   24
  4.381719e-01   1.363558e-15   5.619580e-09   2.494405e-16   12
  4.386117e-01   2.982416e-15   5.619580e-09   4.569724e-16   24
  4.390509e-01   1.403285e-15   0.000000e+00   2.151762e-16   24
  4.397820e-01   1.493472e-15   2.066609e-04   1.561323e-16   72
  4.416774e-01   2.245338e-15   5.619580e-09   2.307657e-16   48
  4.421136e-01   4.809842e-16   0.000000e+00   1.595740e-16   8
  4.429848e-01   1.048786e-15   7.947286e-09   1.857604e-16   48
  4.446991e-01   1.659022e-15   9.683574e-05   3.765072e-16   57
  4.451552e-01   2.495255e-15   0.000000e+00   4.736683e-16   24
  4.455880e-01   7.282386e-16   5.619580e-09   9.410669e-17   48
  4.460204e-01   3.006380e-15   1.101208e-08   5.418017e-16   30
  4.464524e-01   2.947436e-15   0.000000e+00   6.555135e-16   24
  4.481762e-01   1.271076e-15   4.890638e-09   1.602710e-16   78
  4.498933e-01   9.837597e-16   0.000000e+00   2.062425e-16   24
  4.511769e-01   2.667431e-15   0.000000e+00   6.612828e-16   6
  4.520306e-01   2.490891e-15   0.000000e+00   5.218784e-16   24
  4.524568e-01   1.190227e-15   0.000000e+00   2.163097e-16   24
  4.535206e-01   1.118914e-15   2.125214e-04   1.346013e-16   48
  4.545821e-01   7.738558e-16   0.000000e+00   1.976521e-16   24
  4.550059e-01   5.994339e-15   0.000000e+00   1.153250e-15   6
  4.554294e-01   6.627866e-16   0.000000e+00   9.219005e-17   48
  4.571193e-01   6.910997e-16   5.619580e-09   7.654400e-17   48
  4.579619e-01   1.037762e-15   0.000000e+00   1.815098e-16   12
  4.583826e-01   1.667095e-15   7.947286e-09   2.762265e-16   24
  4.588030e-01   5.781703e-16   0.000000e+00   1.310744e-16   24
  4.596425e-01   3.685278e-15   0.000000e+00   1.318059e-15   6
  4.604805e-01   1.091370e-15   0.000000e+00   1.208079e-16   24
  4.613170e-01   7.790946e-16   5.619580e-09   1.164611e-16   24
  4.652466e-01   7.363069e-16   2.058721e-04   1.115241e-16   54
  4.658907e-01   6.659618e-16   0.000000e+00   1.182275e-16   24
  4.667175e-01   5.475616e-16   0.000000e+00   7.981682e-17   48
  4.683667e-01   4.527477e-16   0.000000e+00   6.247329e-17   24
  4.691891e-01   1.047021e-15   0.000000e+00   2.996827e-16   24
  4.700101e-01   5.401786e-16   9.733398e-09   1.386690e-16   24
  4.712389e-01   4.641067e-16   5.619580e-09   7.041620e-18   6
  4.732798e-01   1.186912e-15   7.947286e-09   2.210751e-16   24
  4.761223e-01   3.242607e-16   0.000000e+00   7.105953e-17   8
  4.769314e-01   5.855904e-16   0.000000e+00   5.549542e-17   48
  4.781424e-01   2.188859e-15   7.947286e-09   7.935164e-16   6
  4.785454e-01   5.151940e-16   0.000000e+00   8.110412e-17   36
  4.793503e-01   4.527747e-16   5.619580e-09   8.303716e-17   24
  4.817571e-01   7.231503e-16   7.947286e-09   1.482117e-16   24
  4.857419e-01   1.732605e-15   0.000000e+00   6.331807e-16   6
  4.877221e-01   3.087876e-16   0.000000e+00   8.322861e-17   24
  4.885120e-01   5.288692e-16   0.000000e+00   1.200135e-16   24
  4.893005e-01   3.908350e-16   0.000000e+00   5.982456e-17   24
  4.908739e-01   7.404294e-16   0.000000e+00   2.616425e-16   24
  4.940055e-01   6.698874e-16   1.123916e-08   1.963722e-16   6
  4.990524e-01   4.695532e-16   5.619580e-09   1.106634e-16   24
  4.998243e-01   1.661607e-16   0.000000e+00   2.278189e-17   12
  5.005951e-01   4.137920e-16   7.947286e-09   7.636080e-17   24
  5.029002e-01   4.504357e-16   0.000000e+00   2.973536e-17   6
  5.101311e-01   6.768792e-16   0.000000e+00   2.274656e-16   8
  5.108863e-01   4.458423e-16   5.619580e-09   8.813730e-17   24
  5.123933e-01   1.066832e-15   0.000000e+00   4.308391e-16   6
  5.217137e-01   2.840997e-16   0.000000e+00   6.171227e-17   12
  5.224521e-01   8.701552e-16   0.000000e+00   2.145862e-16   6
  5.330447e-01   1.283521e-16   0.000000e+00   3.681832e-17   6
