# power spectrum of chi
# redshift z=10.000000
# k              Pk             sigma(k)       sigma(Pk)      count
  1.963495e-02   8.541593e-20   0.000000e+00   2.956880e-20   6
  2.776802e-02   1.284459e-19   0.000000e+00   3.288083e-20   12
  3.400874e-02   7.915153e-20   3.725290e-10   1.561790e-20   8
  3.926991e-02   5.860472e-20   0.000000e+00   1.890621e-20   6
  4.390509e-02   7.622013e-20   0.000000e+00   1.879922e-20   24
  4.809562e-02   6.449342e-20   7.024475e-10   1.028902e-20   24
  5.553604e-02   3.202303e-20   0.000000e+00   1.146991e-20   12
  5.890486e-02   3.579510e-20   7.947286e-10   5.455563e-21   30
  6.209118e-02   2.194912e-20   0.000000e+00   3.179928e-21   24
  6.512178e-02   1.521714e-20   1.216675e-09   4.052967e-21   24
  6.801748e-02   3.471183e-20   7.450581e-10   7.695686e-21   8
  7.079483e-02   1.603920e-20   9.934107e-10   3.426768e-21   24
  7.346727e-02   1.200009e-20   0.000000e+00   1.751903e-21   48
  7.853982e-02   1.140052e-20   0.000000e+00   8.796391e-22   6
  8.095699e-02   1.127560e-20   1.404895e-09   1.221436e-21   48
  8.330406e-02   7.370777e-21   0.000000e+00   1.446267e-21   36
  8.558678e-02   6.059289e-21   9.934107e-10   1.254053e-21   24
  8.781018e-02   6.878075e-21   0.000000e+00   1.264284e-21   24
  8.997866e-02   5.774710e-21   0.000000e+00   1.045978e-21   48
  9.209610e-02   1.260821e-20   1.404895e-09   2.461008e-21   24
  9.619124e-02   7.931553e-21   1.404895e-09   1.403650e-21   24
  9.817477e-02   3.840145e-21   0.000000e+00   1.080955e-21   30
  1.001190e-01   4.312392e-21   0.000000e+00   3.372279e-22   72
  1.020262e-01   3.107178e-21   1.490116e-09   5.472325e-22   32
  1.057375e-01   4.737769e-21   0.000000e+00   4.833614e-22   72
  1.075451e-01   2.979730e-21   0.000000e+00   4.014426e-22   48
  1.110721e-01   3.827635e-21   0.000000e+00   3.309028e-22   12
  1.127942e-01   3.034626e-21   0.000000e+00   3.410043e-22   48
  1.144905e-01   2.800930e-21   0.000000e+00   3.773506e-22   48
  1.161620e-01   1.626019e-21   1.404895e-09   2.093139e-22   48
  1.178097e-01   1.768217e-21   1.589457e-09   2.858049e-22   30
  1.194348e-01   1.029151e-21   1.404895e-09   1.481220e-22   24
  1.210380e-01   2.385297e-21   2.961779e-09   3.137800e-22   72
  1.241824e-01   1.622439e-21   0.000000e+00   2.474514e-22   24
  1.257251e-01   1.331141e-21   0.000000e+00   1.265380e-22   96
  1.272490e-01   2.069585e-21   0.000000e+00   2.177810e-22   48
  1.287550e-01   1.873850e-21   2.433349e-09   3.317688e-22   24
  1.302436e-01   1.521291e-21   2.433349e-09   2.122148e-22   24
  1.317153e-01   1.197999e-21   0.000000e+00   1.520831e-22   72
  1.331707e-01   1.101375e-21   0.000000e+00   1.343565e-22   48
  1.360350e-01   1.133411e-21   1.490116e-09   4.839299e-22   8
  1.374447e-01   1.077183e-21   1.766064e-09   1.601803e-22   54
  1.388401e-01   1.479141e-21   0.000000e+00   1.733076e-22   84
  1.402216e-01   8.947573e-22   0.000000e+00   1.427020e-22   48
  1.415897e-01   8.735334e-22   1.986821e-09   1.404945e-22   24
  1.429446e-01   7.908374e-22   1.873193e-09   9.493885e-23   72
  1.442869e-01   1.013022e-21   0.000000e+00   8.426354e-23   96
  1.469345e-01   7.320111e-22   0.000000e+00   9.945177e-23   48
  1.482407e-01   6.608273e-22   0.000000e+00   9.219303e-23   48
  1.495354e-01   1.002188e-21   1.986821e-09   2.600051e-22   24
  1.508189e-01   9.434954e-22   0.000000e+00   1.065462e-22   72
  1.533539e-01   6.596590e-22   1.873193e-09   7.231230e-23   72
  1.546058e-01   7.525378e-22   0.000000e+00   6.903711e-23   96
  1.570796e-01   2.468286e-22   0.000000e+00   9.673682e-23   6
  1.583021e-01   5.971147e-22   0.000000e+00   6.267232e-23   96
  1.595151e-01   6.151045e-22   1.986821e-09   6.049987e-23   96
  1.607190e-01   9.611297e-22   0.000000e+00   1.412664e-22   24
  1.619140e-01   5.867109e-22   2.809790e-09   9.255074e-23   48
  1.631002e-01   5.102880e-22   0.000000e+00   6.158272e-23   96
  1.642778e-01   5.199420e-22   0.000000e+00   7.660835e-23   48
  1.666081e-01   5.341704e-22   0.000000e+00   8.471674e-23   36
  1.677611e-01   5.388407e-22   3.441276e-09   8.660127e-23   48
  1.689063e-01   3.689825e-22   3.893359e-09   3.226368e-23   120
  1.700437e-01   5.571408e-22   0.000000e+00   1.064801e-22   56
  1.711736e-01   3.748314e-22   1.986821e-09   4.622098e-23   24
  1.722960e-01   3.984928e-22   0.000000e+00   4.143504e-23   96
  1.734112e-01   3.826108e-22   0.000000e+00   4.651350e-23   48
  1.756204e-01   2.439308e-22   0.000000e+00   3.245006e-23   24
  1.767146e-01   3.339913e-22   0.000000e+00   3.608841e-23   102
  1.778021e-01   2.397995e-22   0.000000e+00   2.803968e-23   48
  1.788829e-01   3.312615e-22   0.000000e+00   3.818926e-23   72
  1.799573e-01   4.188496e-22   0.000000e+00   7.253264e-23   48
  1.810253e-01   2.500122e-22   0.000000e+00   2.102157e-23   48
  1.820871e-01   2.286156e-22   4.495664e-09   1.943973e-23   120
  1.841922e-01   1.943714e-22   2.809790e-09   3.780985e-23   24
  1.852358e-01   2.595837e-22   2.649095e-09   1.809450e-23   144
  1.862735e-01   2.474889e-22   3.178914e-09   2.021024e-23   120
  1.873055e-01   2.639555e-22   2.809790e-09   2.966086e-23   48
  1.893526e-01   2.480210e-22   2.809790e-09   4.872108e-23   48
  1.903679e-01   2.065631e-22   2.809790e-09   2.162380e-23   96
  1.923825e-01   2.686621e-22   2.809790e-09   3.945935e-23   24
  1.933819e-01   1.631609e-22   0.000000e+00   2.457346e-23   48
  1.943761e-01   1.717512e-22   3.532127e-09   1.929259e-23   108
  1.953653e-01   1.892506e-22   0.000000e+00   1.955435e-23   72
  1.963495e-01   1.829335e-22   0.000000e+00   5.440257e-23   30
  1.973288e-01   1.968197e-22   0.000000e+00   1.420559e-23   168
  1.983033e-01   2.354783e-22   0.000000e+00   3.914190e-23   48
  2.002380e-01   1.528042e-22   0.000000e+00   1.607590e-23   72
  2.011984e-01   1.636518e-22   0.000000e+00   1.734668e-23   96
  2.021542e-01   1.729922e-22   5.298191e-09   1.924467e-23   72
  2.031055e-01   1.604795e-22   0.000000e+00   1.828349e-23   72
  2.040524e-01   1.080577e-22   2.980232e-09   2.006812e-23   32
  2.049949e-01   1.822011e-22   2.649095e-09   2.279155e-23   72
  2.059331e-01   1.293789e-22   3.746387e-09   1.143188e-23   144
  2.087224e-01   1.404473e-22   6.282881e-09   1.376483e-23   96
  2.096439e-01   1.247029e-22   0.000000e+00   1.061089e-23   96
  2.105614e-01   8.348232e-23   0.000000e+00   9.587338e-24   48
  2.114749e-01   1.329247e-22   0.000000e+00   1.346612e-23   72
  2.123845e-01   1.102570e-22   0.000000e+00   1.001493e-23   120
  2.132902e-01   1.076343e-22   0.000000e+00   1.349268e-23   72
  2.150901e-01   1.708555e-22   0.000000e+00   2.524695e-23   48
  2.159845e-01   1.007086e-22   4.235416e-09   9.768818e-24   78
  2.168752e-01   1.139396e-22   3.178914e-09   9.141583e-24   120
  2.177622e-01   8.994432e-23   3.973643e-09   9.708247e-24   48
  2.195255e-01   1.065328e-22   3.746387e-09   1.168693e-23   144
  2.204018e-01   9.012537e-23   3.746387e-09   7.633503e-24   144
  2.221441e-01   4.562614e-23   0.000000e+00   9.962408e-24   12
  2.230102e-01   1.052397e-22   0.000000e+00   9.511696e-24   144
  2.238729e-01   7.546773e-23   4.866699e-09   1.037241e-23   48
  2.247323e-01   7.928388e-23   3.178914e-09   8.167443e-24   120
  2.255884e-01   9.117103e-23   0.000000e+00   1.209747e-23   48
  2.264413e-01   8.526266e-23   0.000000e+00   1.851881e-23   48
  2.272910e-01   8.570383e-23   0.000000e+00   7.515357e-24   168
  2.289809e-01   9.199709e-23   0.000000e+00   1.714617e-23   48
  2.298212e-01   7.657132e-23   2.809790e-09   6.874842e-24   96
  2.306585e-01   8.405530e-23   2.809790e-09   8.094652e-24   96
  2.314927e-01   5.074320e-23   0.000000e+00   6.446481e-24   72
  2.323239e-01   7.281672e-23   2.809790e-09   9.951985e-24   48
  2.331522e-01   8.648144e-23   0.000000e+00   7.046258e-24   96
  2.339775e-01   4.280017e-23   0.000000e+00   6.499672e-24   48
  2.356194e-01   6.042976e-23   3.178914e-09   8.172789e-24   30
  2.364362e-01   6.655629e-23   2.809790e-09   6.280803e-24   96
  2.372501e-01   6.517415e-23   0.000000e+00   4.375079e-24   192
  2.380612e-01   7.833738e-23   3.973643e-09   1.039403e-23   48
  2.380612e-01   3.202269e-23   0.000000e+00   8.212576e-24   8
  2.388695e-01   6.448922e-23   2.809790e-09   8.069560e-24   24
  2.396752e-01   5.156782e-23   0.000000e+00   4.582223e-24   168
  2.404781e-01   4.293126e-23   0.000000e+00   3.672074e-24   120
  2.420760e-01   4.614553e-23   5.923557e-09   4.263923e-24   72
  2.428710e-01   4.625520e-23   3.746387e-09   3.613813e-24   144
  2.436634e-01   5.088317e-23   0.000000e+00   6.364593e-24   96
  2.444532e-01   6.750253e-23   0.000000e+00   7.852549e-24   96
  2.460253e-01   6.258815e-23   4.588368e-09   6.249906e-24   72
  2.468075e-01   4.374563e-23   3.973643e-09   5.047229e-24   96
  2.483647e-01   8.542043e-23   0.000000e+00   1.987473e-23   24
  2.491396e-01   4.372342e-23   0.000000e+00   3.489461e-24   192
  2.499122e-01   3.854350e-23   3.532127e-09   3.359684e-24   108
  2.506823e-01   5.126638e-23   0.000000e+00   1.283391e-23   24
  2.514501e-01   4.611785e-23   0.000000e+00   4.681182e-24   96
  2.522156e-01   3.463731e-23   0.000000e+00   3.813753e-24   96
  2.529787e-01   4.046165e-23   3.178914e-09   3.267571e-24   120
  2.544981e-01   3.679439e-23   0.000000e+00   5.855629e-24   48
  2.552544e-01   5.250617e-23   5.989783e-09   5.698393e-24   78
  2.560085e-01   4.243654e-23   0.000000e+00   3.146078e-24   144
  2.567603e-01   3.493744e-23   0.000000e+00   3.178802e-24   120
  2.575100e-01   2.036367e-23   4.866699e-09   2.609316e-24   24
  2.582575e-01   3.973563e-23   0.000000e+00   3.471345e-24   168
  2.590028e-01   3.945581e-23   0.000000e+00   4.591201e-24   144
  2.604871e-01   4.398427e-23   4.866699e-09   9.016545e-24   24
  2.612261e-01   4.587092e-23   0.000000e+00   7.243704e-24   48
  2.619630e-01   4.104336e-23   2.809790e-09   5.663400e-24   96
  2.626978e-01   3.643941e-23   0.000000e+00   3.034272e-24   120
  2.634306e-01   2.196679e-23   0.000000e+00   2.385930e-24   72
  2.641613e-01   2.670477e-23   4.495664e-09   2.297604e-24   120
  2.648900e-01   4.069130e-23   0.000000e+00   3.474627e-24   144
  2.663415e-01   2.637887e-23   0.000000e+00   3.607569e-24   48
  2.670642e-01   2.625268e-23   5.619580e-09   2.185981e-24   192
  2.677851e-01   3.548837e-23   0.000000e+00   3.170644e-24   144
  2.685040e-01   3.306530e-23   0.000000e+00   4.799934e-24   48
  2.699360e-01   3.329795e-23   0.000000e+00   3.251936e-24   192
  2.706492e-01   1.988384e-23   0.000000e+00   4.149286e-24   48
  2.720699e-01   2.407712e-23   2.980232e-09   7.116024e-24   8
  2.727775e-01   1.646919e-23   3.973643e-09   2.562645e-24   48
  2.734833e-01   2.305568e-23   8.991328e-09   1.590044e-24   240
  2.741872e-01   2.910036e-23   0.000000e+00   3.121414e-24   96
  2.748894e-01   2.586486e-23   3.532127e-09   2.855930e-24   54
  2.755897e-01   2.793264e-23   0.000000e+00   2.616586e-24   120
  2.762883e-01   2.659561e-23   3.178914e-09   2.398396e-24   120
  2.776802e-01   2.595733e-23   0.000000e+00   2.303436e-24   84
  2.783735e-01   2.309380e-23   0.000000e+00   1.841957e-24   144
  2.790651e-01   2.432396e-23   3.746387e-09   2.465123e-24   72
  2.797550e-01   2.143430e-23   0.000000e+00   2.214190e-24   96
  2.804432e-01   2.933875e-23   0.000000e+00   4.339137e-24   48
  2.811298e-01   2.455084e-23   0.000000e+00   2.548835e-24   96
  2.818146e-01   2.241916e-23   4.495664e-09   1.437012e-24   240
  2.831793e-01   2.092914e-23   3.973643e-09   3.400933e-24   24
  2.838592e-01   2.431051e-23   0.000000e+00   1.824590e-24   240
  2.845375e-01   2.190709e-23   5.619580e-09   2.112836e-24   96
  2.852142e-01   1.782901e-23   0.000000e+00   2.165039e-24   72
  2.858892e-01   1.576244e-23   3.746387e-09   1.963973e-24   72
  2.865627e-01   2.238312e-23   0.000000e+00   2.139398e-24   96
  2.872346e-01   2.715809e-23   0.000000e+00   2.750903e-24   72
  2.885737e-01   1.962988e-23   0.000000e+00   2.484129e-24   96
  2.892409e-01   1.365360e-23   3.973643e-09   1.455872e-24   96
  2.899066e-01   1.552407e-23   7.786718e-09   1.628425e-24   120
  2.905708e-01   1.991160e-23   3.973643e-09   2.204738e-24   96
  2.918946e-01   2.140748e-23   0.000000e+00   1.642623e-24   192
  2.925542e-01   1.912633e-23   3.746387e-09   1.501353e-24   144
  2.938691e-01   9.871401e-24   0.000000e+00   1.090261e-24   48
  2.945243e-01   1.623879e-23   6.229375e-09   1.295016e-24   150
  2.951781e-01   1.435152e-23   5.619580e-09   1.399738e-24   96
  2.958304e-01   1.198623e-23   7.108269e-09   1.172884e-24   120
  2.964813e-01   1.609871e-23   0.000000e+00   2.760905e-24   48
  2.971308e-01   1.502179e-23   5.506041e-09   1.899966e-24   120
  2.977788e-01   1.554879e-23   0.000000e+00   1.171176e-24   240
  2.990707e-01   1.743082e-23   3.973643e-09   2.654727e-24   24
  2.997146e-01   1.487629e-23   0.000000e+00   1.192635e-24   144
  3.003570e-01   1.212219e-23   7.064254e-09   9.687036e-25   216
  3.009981e-01   1.743218e-23   0.000000e+00   2.281723e-24   48
  3.016379e-01   1.160368e-23   0.000000e+00   1.609304e-24   72
  3.022763e-01   1.718548e-23   0.000000e+00   2.032008e-24   144
  3.029133e-01   1.686593e-23   0.000000e+00   1.503279e-24   96
  3.048165e-01   1.337894e-23   0.000000e+00   1.138845e-24   144
  3.054482e-01   1.556784e-23   0.000000e+00   1.167123e-24   132
  3.060786e-01   1.165210e-23   0.000000e+00   1.009318e-24   104
  3.067078e-01   9.752729e-24   3.746387e-09   1.069198e-24   72
  3.073356e-01   1.501909e-23   6.422377e-09   1.281723e-24   168
  3.079622e-01   1.306808e-23   0.000000e+00   1.157855e-24   144
  3.092116e-01   1.163258e-23   0.000000e+00   1.121736e-24   96
  3.098343e-01   8.919143e-24   0.000000e+00   6.649250e-25   144
  3.104559e-01   1.402287e-23   0.000000e+00   1.246948e-24   144
  3.110762e-01   1.011452e-23   9.082613e-09   8.407124e-25   168
  3.123131e-01   1.038035e-23   0.000000e+00   1.129039e-24   48
  3.129297e-01   1.146025e-23   3.973643e-09   8.493259e-25   192
  3.141593e-01   3.600664e-23   0.000000e+00   1.567439e-23   3
  3.147723e-01   8.561540e-24   5.994218e-09   6.880117e-25   180
  3.153841e-01   5.900382e-24   0.000000e+00   5.500216e-25   84
  3.159947e-01   9.780399e-24   5.619580e-09   7.691858e-25   96
  3.166041e-01   1.043461e-23   0.000000e+00   1.093718e-24   84
  3.172124e-01   7.786715e-24   6.882552e-09   5.836682e-25   192
  3.178195e-01   1.116336e-23   0.000000e+00   1.193967e-24   72
  3.190302e-01   6.634768e-24   6.422377e-09   7.698478e-25   84
  3.196339e-01   1.501232e-23   0.000000e+00   1.886409e-24   84
  3.202364e-01   7.571117e-24   0.000000e+00   4.913462e-25   216
  3.208378e-01   6.323092e-24   0.000000e+00   8.383362e-25   48
  3.214381e-01   7.150508e-24   0.000000e+00   6.701070e-25   24
  3.220372e-01   7.039119e-24   0.000000e+00   5.156024e-25   240
  3.226352e-01   7.698320e-24   0.000000e+00   5.393767e-25   192
  3.238280e-01   1.151465e-23   0.000000e+00   2.020710e-24   36
  3.244227e-01   1.207476e-23   0.000000e+00   1.977766e-24   72
  3.250163e-01   7.605256e-24   0.000000e+00   8.028244e-25   132
  3.256089e-01   7.583556e-24   0.000000e+00   8.352570e-25   120
  3.262004e-01   7.316497e-24   0.000000e+00   7.949904e-25   72
  3.267908e-01   9.529807e-24   0.000000e+00   1.168644e-24   72
  3.273801e-01   7.463024e-24   1.015467e-08   5.521243e-25   168
  3.285556e-01   3.537502e-24   0.000000e+00   4.704625e-25   48
  3.291418e-01   7.186170e-24   6.477696e-09   5.684785e-25   204
  3.297269e-01   7.952446e-24   0.000000e+00   1.190795e-24   72
  3.303111e-01   7.184470e-24   0.000000e+00   8.804424e-25   72
  3.314762e-01   5.212498e-24   0.000000e+00   5.912173e-25   168
  3.320572e-01   4.562401e-24   3.746387e-09   3.587314e-25   144
  3.332162e-01   9.806363e-24   0.000000e+00   1.457278e-24   24
  3.337942e-01   3.646169e-24   3.973643e-09   3.959522e-25   96
  3.343712e-01   7.395236e-24   0.000000e+00   6.929570e-25   192
  3.349472e-01   3.856007e-24   0.000000e+00   5.497509e-25   72
  3.355222e-01   9.047198e-24   5.298191e-09   1.371847e-24   36
  3.360963e-01   5.800889e-24   7.865773e-09   5.842300e-25   168
  3.366693e-01   3.995063e-24   0.000000e+00   3.707318e-25   120
  3.378125e-01   6.955051e-24   6.882552e-09   7.965527e-25   96
  3.383827e-01   6.078006e-24   0.000000e+00   6.996824e-25   144
  3.389519e-01   4.519233e-24   0.000000e+00   6.297439e-25   48
  3.395201e-01   4.902801e-24   1.059638e-08   4.708588e-25   144
  3.400874e-01   3.124908e-24   0.000000e+00   4.763587e-25   56
  3.406537e-01   7.014331e-24   5.298191e-09   1.301363e-24   72
  3.412191e-01   2.958350e-24   3.973643e-09   3.250543e-25   96
  3.423471e-01   3.346884e-24   3.973643e-09   5.640045e-25   24
  3.429097e-01   4.496422e-24   0.000000e+00   3.887213e-25   156
  3.434714e-01   4.684528e-24   4.890638e-09   5.893662e-25   156
  3.440322e-01   5.275358e-24   3.973643e-09   7.834289e-25   48
  3.445920e-01   4.520925e-24   0.000000e+00   6.426023e-25   72
  3.451510e-01   5.726659e-24   0.000000e+00   8.025684e-25   72
  3.457090e-01   3.555552e-24   3.973643e-09   3.182254e-25   96
  3.468224e-01   4.082317e-24   0.000000e+00   4.572245e-25   48
  3.473778e-01   2.530048e-24   6.882552e-09   2.701512e-25   96
  3.479323e-01   3.666265e-24   9.990364e-09   3.173952e-25   216
  3.484859e-01   3.114628e-24   0.000000e+00   2.896240e-25   96
  3.495904e-01   4.252861e-24   0.000000e+00   3.932991e-25   96
  3.501414e-01   2.032018e-24   0.000000e+00   1.623600e-25   96
  3.512407e-01   7.541259e-24   0.000000e+00   1.731194e-24   12
  3.517891e-01   4.241413e-24   0.000000e+00   3.168240e-25   168
  3.523367e-01   3.021839e-24   0.000000e+00   2.872665e-25   96
  3.528833e-01   2.468069e-24   3.973643e-09   3.853049e-25   48
  3.534292e-01   3.262592e-24   6.488932e-09   3.706620e-25   72
  3.539742e-01   2.524495e-24   4.495664e-09   2.706402e-25   120
  3.545183e-01   2.916376e-24   7.947286e-09   2.114197e-25   192
  3.556041e-01   4.340608e-24   0.000000e+00   7.368489e-25   12
  3.561458e-01   3.065883e-24   0.000000e+00   2.720093e-25   168
  3.566867e-01   5.974539e-24   3.973643e-09   1.036605e-24   24
  3.572267e-01   2.215866e-24   0.000000e+00   3.419403e-25   72
  3.577659e-01   1.913585e-24   0.000000e+00   2.416862e-25   48
  3.583043e-01   1.919954e-24   5.619580e-09   1.495885e-25   96
  3.588419e-01   3.007889e-24   0.000000e+00   4.114109e-25   48
  3.599147e-01   4.753871e-24   5.619580e-09   7.367229e-25   24
  3.604498e-01   2.469971e-24   0.000000e+00   6.937153e-25   36
  3.609842e-01   3.128209e-24   7.078835e-09   2.842215e-25   132
  3.615178e-01   2.137747e-24   7.492773e-09   2.586042e-25   72
  3.620507e-01   4.651510e-24   0.000000e+00   1.021002e-24   24
  3.625827e-01   2.897328e-24   0.000000e+00   1.785321e-25   192
  3.631140e-01   1.933577e-24   0.000000e+00   1.530482e-25   144
  3.641741e-01   1.924373e-24   0.000000e+00   2.296722e-25   72
  3.647031e-01   2.576853e-24   0.000000e+00   3.854014e-25   72
  3.652313e-01   2.565777e-24   5.619580e-09   3.725344e-25   96
  3.657587e-01   2.678725e-24   0.000000e+00   3.634384e-25   72
  3.668112e-01   1.507669e-24   0.000000e+00   1.848262e-25   96
  3.673364e-01   1.783227e-24   0.000000e+00   1.872919e-25   144
  3.683844e-01   1.172507e-24   5.619580e-09   1.672425e-25   24
  3.689073e-01   2.131325e-24   0.000000e+00   3.707064e-25   96
  3.694295e-01   1.203293e-24   6.422377e-09   1.373695e-25   84
  3.699509e-01   2.062140e-24   0.000000e+00   1.833445e-25   96
  3.704716e-01   3.061137e-24   0.000000e+00   4.074948e-25   84
  3.709915e-01   3.267275e-24   3.973643e-09   5.218904e-25   24
  3.715108e-01   8.477422e-25   0.000000e+00   1.401870e-25   24
  3.725471e-01   1.694648e-24   0.000000e+00   2.223522e-25   72
  3.730641e-01   1.489629e-24   0.000000e+00   1.769080e-25   48
  3.736127e-01   2.025815e-24   1.248164e-04   2.132318e-25   128
  3.740961e-01   8.173152e-25   5.619580e-09   1.858531e-25   24
  3.751253e-01   1.370726e-24   5.298191e-09   1.137470e-25   144
  3.756388e-01   1.727522e-24   0.000000e+00   1.794285e-25   96
  3.771752e-01   1.500958e-24   0.000000e+00   1.600824e-25   144
  3.776859e-01   1.826514e-24   5.619580e-09   1.823885e-25   96
  3.781959e-01   1.024772e-24   7.947286e-09   1.296159e-25   96
  3.787053e-01   2.264161e-24   5.619580e-09   5.212636e-25   24
  3.792140e-01   2.828743e-24   0.000000e+00   3.090735e-25   72
  3.797219e-01   1.241128e-24   8.991328e-09   1.108671e-25   120
  3.807359e-01   1.370407e-24   5.619580e-09   2.224960e-25   48
  3.812418e-01   8.998677e-25   0.000000e+00   1.002957e-25   108
  3.817471e-01   2.237654e-24   0.000000e+00   2.653667e-25   72
  3.832590e-01   1.169926e-24   5.298191e-09   1.015965e-25   144
  3.837616e-01   1.020527e-24   5.619580e-09   1.222538e-25   48
  3.847649e-01   1.252321e-24   5.619580e-09   2.865850e-25   12
  3.855656e-01   1.279283e-24   2.449590e-04   9.209233e-26   120
  3.862650e-01   1.039929e-24   5.619580e-09   2.190259e-25   48
  3.867637e-01   4.178115e-25   5.619580e-09   4.745267e-26   24
  3.872618e-01   6.230980e-25   9.733398e-09   8.345609e-26   96
  3.877593e-01   7.049151e-25   0.000000e+00   6.575244e-26   96
  3.887523e-01   1.554095e-24   7.492773e-09   2.197053e-25   36
  3.892478e-01   1.105783e-24   0.000000e+00   1.320339e-25   48
  3.897427e-01   8.771849e-25   0.000000e+00   8.853771e-26   120
  3.902370e-01   1.130429e-24   0.000000e+00   1.168314e-25   96
  3.907307e-01   9.214369e-25   0.000000e+00   1.471909e-25   48
  3.917161e-01   1.071933e-24   0.000000e+00   1.218652e-25   96
  3.931451e-01   1.420838e-24   1.410282e-04   1.300102e-25   132
  3.936796e-01   1.108340e-24   0.000000e+00   1.398102e-25   48
  3.941690e-01   1.548125e-24   0.000000e+00   2.000822e-25   48
  3.946577e-01   6.556067e-25   0.000000e+00   7.112837e-26   72
  3.951458e-01   1.175841e-24   0.000000e+00   1.477103e-25   72
  3.956334e-01   6.334307e-25   5.619580e-09   9.822103e-26   48
  3.966066e-01   1.331136e-24   0.000000e+00   2.470875e-25   24
  3.970924e-01   1.351828e-24   5.619580e-09   2.629400e-25   48
  3.975775e-01   1.055112e-24   9.733398e-09   9.322697e-26   96
  3.980621e-01   3.738719e-25   0.000000e+00   9.874218e-26   24
  3.990294e-01   5.739101e-25   0.000000e+00   7.171899e-26   72
  3.995122e-01   5.615501e-25   0.000000e+00   6.824063e-26   48
  4.004761e-01   1.331999e-24   5.619580e-09   3.475101e-25   24
  4.009571e-01   7.271883e-25   0.000000e+00   9.246255e-26   72
  4.014376e-01   6.892585e-25   0.000000e+00   8.519688e-26   60
  4.019175e-01   5.546513e-25   5.298191e-09   6.374572e-26   72
  4.023968e-01   9.444124e-25   0.000000e+00   1.177588e-25   24
  4.028756e-01   6.593735e-25   0.000000e+00   1.497199e-25   72
  4.033538e-01   1.219261e-24   9.733398e-09   1.561736e-25   48
  4.047849e-01   8.710699e-25   7.064254e-09   8.085245e-26   108
  4.052609e-01   1.370316e-24   0.000000e+00   2.894296e-25   48
  4.057363e-01   3.983143e-25   5.619580e-09   4.595577e-26   48
  4.062111e-01   4.116403e-25   0.000000e+00   9.730211e-26   24
  4.066854e-01   6.383976e-25   7.492773e-09   1.047441e-25   72
  4.071591e-01   7.182909e-25   0.000000e+00   1.001475e-25   96
  4.085095e-01   4.181304e-25   1.651903e-04   4.872368e-26   56
  4.090485e-01   8.149017e-25   0.000000e+00   1.645094e-25   72
  4.099899e-01   9.345387e-25   0.000000e+00   1.796610e-25   24
  4.104598e-01   6.240132e-25   0.000000e+00   8.739726e-26   72
  4.109291e-01   2.653766e-25   5.619580e-09   4.216839e-26   48
  4.121469e-01   6.760846e-25   2.291567e-04   7.666776e-26   120
  4.132680e-01   3.145154e-25   5.619580e-09   3.380871e-26   48
  4.146649e-01   3.554028e-25   0.000000e+00   3.131093e-26   144
  4.160572e-01   4.187222e-25   5.619580e-09   6.530448e-26   24
  4.165203e-01   4.747393e-25   0.000000e+00   3.814647e-26   84
  4.169828e-01   6.476849e-25   0.000000e+00   1.486135e-25   24
  4.174448e-01   6.472437e-25   5.619580e-09   1.650176e-25   12
  4.179064e-01   1.361970e-24   7.947286e-09   2.538615e-25   24
  4.183674e-01   6.107712e-25   0.000000e+00   8.079378e-26   24
  4.195385e-01   5.305420e-25   2.287955e-04   7.226618e-26   132
  4.202064e-01   3.772147e-25   5.298191e-09   5.053999e-26   72
  4.206649e-01   4.623253e-25   5.619580e-09   8.728714e-26   48
  4.215803e-01   6.157078e-25   0.000000e+00   6.900016e-26   96
  4.229499e-01   4.432598e-25   0.000000e+00   6.585571e-26   24
  4.234054e-01   1.561596e-25   0.000000e+00   1.950289e-26   48
  4.238604e-01   4.836303e-25   0.000000e+00   8.237598e-26   24
  4.243149e-01   9.870733e-26   0.000000e+00   1.890208e-26   24
  4.247690e-01   3.166722e-25   0.000000e+00   5.712951e-26   24
  4.252226e-01   2.804737e-25   0.000000e+00   4.192062e-26   48
  4.256757e-01   2.430865e-25   7.947286e-09   3.683594e-26   48
  4.270320e-01   9.834146e-26   7.947286e-09   1.599204e-26   24
  4.274832e-01   5.844540e-25   0.000000e+00   9.151056e-26   24
  4.279339e-01   3.776411e-25   0.000000e+00   4.724125e-26   72
  4.288339e-01   5.619918e-25   5.619580e-09   9.118250e-26   48
  4.306282e-01   5.288343e-25   0.000000e+00   7.482689e-26   36
  4.310756e-01   3.473041e-25   5.619580e-09   5.686505e-26   48
  4.319690e-01   1.235935e-25   0.000000e+00   2.237597e-26   24
  4.324150e-01   3.756598e-25   7.492773e-09   6.162588e-26   72
  4.328606e-01   1.477740e-25   0.000000e+00   2.122124e-26   72
  4.337503e-01   4.400880e-25   0.000000e+00   1.009335e-25   24
  4.345273e-01   2.792286e-25   1.921429e-04   2.686703e-26   96
  4.355244e-01   1.562465e-25   0.000000e+00   2.618780e-26   24
  4.364087e-01   1.243668e-25   0.000000e+00   2.383446e-26   48
  4.377318e-01   7.623391e-25   0.000000e+00   1.598436e-25   24
  4.381719e-01   2.540071e-25   5.619580e-09   6.300278e-26   12
  4.386117e-01   1.755773e-25   5.619580e-09   3.804034e-26   24
  4.390509e-01   2.464303e-25   0.000000e+00   3.122993e-26   24
  4.397820e-01   1.685505e-25   2.066609e-04   1.616345e-26   72
  4.416774e-01   4.409598e-25   5.619580e-09   6.600326e-26   48
  4.421136e-01   5.418241e-26   0.000000e+00   1.034498e-26   8
  4.429848e-01   9.942963e-26   7.947286e-09   2.086973e-26   48
  4.446991e-01   3.080915e-25   9.683574e-05   8.251126e-26   57
  4.451552e-01   2.519579e-25   0.000000e+00   3.818894e-26   24
  4.455880e-01   8.694409e-26   5.619580e-09   1.082518e-26   48
  4.460204e-01   2.241296e-25   1.101208e-08   4.208979e-26   30
  4.464524e-01   4.498889e-25   0.000000e+00   4.806393e-26   24
  4.481762e-01   1.831768e-25   4.890638e-09   3.535961e-26   78
  4.498933e-01   1.907728e-25   0.000000e+00   2.533217e-26   24
  4.511769e-01   8.422117e-25   0.000000e+00   1.524028e-25   6
  4.520306e-01   2.215288e-25   0.000000e+00   4.262709e-26   24
  4.524568e-01   1.267761e-25   0.000000e+00   1.470603e-26   24
  4.535206e-01   1.144463e-25   2.125214e-04   1.353007e-26   48
  4.545821e-01   6.476006e-26   0.000000e+00   9.965361e-27   24
  4.550059e-01   4.238558e-25   0.000000e+00   1.540305e-25   6
  4.554294e-01   6.586544e-26   0.000000e+00   7.499926e-27   48
  4.571193e-01   6.861652e-26   5.619580e-09   7.974790e-27   48
  4.579619e-01   8.842844e-26   0.000000e+00   1.812521e-26   12
  4.583826e-01   1.776966e-25   7.947286e-09   2.013556e-26   24
  4.588030e-01   8.063216e-26   0.000000e+00   1.593944e-26   24
  4.596425e-01   1.613195e-25   0.000000e+00   6.596423e-26   6
  4.604805e-01   6.262405e-26   0.000000e+00   1.034879e-26   24
  4.613170e-01   8.261271e-26   5.619580e-09   1.823742e-26   24
  4.652466e-01   1.033998e-25   2.058721e-04   1.390165e-26   54
  4.658907e-01   5.282442e-26   0.000000e+00   9.473342e-27   24
  4.667175e-01   4.199397e-26   0.000000e+00   5.539848e-27   48
  4.683667e-01   4.867697e-26   0.000000e+00   1.192493e-26   24
  4.691891e-01   5.843126e-26   0.000000e+00   1.670658e-26   24
  4.700101e-01   8.520277e-26   9.733398e-09   1.397206e-26   24
  4.712389e-01   1.738306e-25   5.619580e-09   2.818826e-26   6
  4.732798e-01   8.390289e-26   7.947286e-09   1.473708e-26   24
  4.761223e-01   1.832102e-26   0.000000e+00   4.174282e-27   8
  4.769314e-01   3.221176e-26   0.000000e+00   4.295856e-27   48
  4.781424e-01   9.190359e-26   7.947286e-09   1.926580e-26   6
  4.785454e-01   3.177522e-26   0.000000e+00   5.049761e-27   36
  4.793503e-01   4.111010e-26   5.619580e-09   6.202308e-27   24
  4.817571e-01   4.128025e-26   7.947286e-09   7.687251e-27   24
  4.857419e-01   1.580585e-25   0.000000e+00   6.374117e-26   6
  4.877221e-01   4.124737e-26   0.000000e+00   4.147824e-27   24
  4.885120e-01   2.007808e-26   0.000000e+00   3.094591e-27   24
  4.893005e-01   2.825561e-26   0.000000e+00   3.217634e-27   24
  4.908739e-01   4.988548e-26   0.000000e+00   6.881544e-27   24
  4.940055e-01   4.561561e-26   1.123916e-08   1.365862e-26   6
  4.990524e-01   1.366521e-26   5.619580e-09   3.305490e-27   24
  4.998243e-01   1.423576e-26   0.000000e+00   1.724234e-27   12
  5.005951e-01   4.205202e-26   7.947286e-09   6.832301e-27   24
  5.029002e-01   2.649327e-26   0.000000e+00   1.000185e-26   6
  5.101311e-01   2.274309e-26   0.000000e+00   8.319590e-27   8
  5.108863e-01   1.763529e-26   5.619580e-09   3.567193e-27   24
  5.123933e-01   7.097698e-26   0.000000e+00   2.024696e-26   6
  5.217137e-01   1.129260e-26   0.000000e+00   3.147170e-27   12
  5.224521e-01   2.755265e-26   0.000000e+00   8.851809e-27   6
  5.330447e-01   7.322434e-27   0.000000e+00   1.077815e-27   6
