# power spectrum of hij
# redshift z=30.000000
# k              Pk             sigma(k)       sigma(Pk)      count
  1.963495e-02   4.924938e-19   0.000000e+00   1.847658e-19   6
  2.776802e-02   3.120186e-19   0.000000e+00   2.885757e-20   12
  3.400874e-02   1.406402e-19   3.725290e-10   1.612778e-20   8
  3.926991e-02   1.177014e-19   0.000000e+00   1.514310e-20   6
  4.390509e-02   9.457260e-20   0.000000e+00   8.945621e-21   24
  4.809562e-02   3.994649e-20   7.024475e-10   6.544606e-21   24
  5.553604e-02   4.169571e-20   0.000000e+00   5.102442e-21   12
  5.890486e-02   1.914113e-20   7.947286e-10   1.548180e-21   30
  6.209118e-02   1.664674e-20   0.000000e+00   2.119206e-21   24
  6.512178e-02   1.952038e-20   1.216675e-09   2.427728e-21   24
  6.801748e-02   1.104350e-20   7.450581e-10   3.504604e-21   8
  7.079483e-02   1.100055e-20   9.934107e-10   1.345483e-21   24
  7.346727e-02   9.649060e-21   0.000000e+00   9.195334e-22   48
  7.853982e-02   8.219808e-21   0.000000e+00   1.547311e-21   6
  8.095699e-02   6.413254e-21   1.404895e-09   5.957949e-22   48
  8.330406e-02   6.788182e-21   0.000000e+00   7.422785e-22   36
  8.558678e-02   4.840925e-21   9.934107e-10   8.237134e-22   24
  8.781018e-02   5.045836e-21   0.000000e+00   6.865225e-22   24
  8.997866e-02   3.384671e-21   0.000000e+00   3.411005e-22   48
  9.209610e-02   4.188925e-21   1.404895e-09   6.198531e-22   24
  9.619124e-02   2.834755e-21   1.404895e-09   3.288764e-22   24
  9.817477e-02   3.571547e-21   0.000000e+00   5.319394e-22   30
  1.001190e-01   2.042388e-21   0.000000e+00   1.743665e-22   72
  1.020262e-01   2.253426e-21   1.490116e-09   2.371941e-22   32
  1.057375e-01   2.255651e-21   0.000000e+00   1.898821e-22   72
  1.075451e-01   1.861422e-21   0.000000e+00   1.887344e-22   48
  1.110721e-01   1.235088e-21   0.000000e+00   2.739601e-22   12
  1.127942e-01   1.244822e-21   0.000000e+00   9.646258e-23   48
  1.144905e-01   1.368286e-21   0.000000e+00   9.235283e-23   48
  1.161620e-01   1.175985e-21   1.404895e-09   1.034143e-22   48
  1.178097e-01   9.911115e-22   1.589457e-09   1.571556e-22   30
  1.194348e-01   1.103340e-21   1.404895e-09   1.263298e-22   24
  1.210380e-01   9.463904e-22   2.961779e-09   6.626072e-23   72
  1.241824e-01   6.956828e-22   0.000000e+00   6.792169e-23   24
  1.257251e-01   7.443967e-22   0.000000e+00   5.061451e-23   96
  1.272490e-01   8.244824e-22   0.000000e+00   5.757997e-23   48
  1.287550e-01   5.282282e-22   2.433349e-09   5.237782e-23   24
  1.302436e-01   7.200693e-22   2.433349e-09   7.840225e-23   24
  1.317153e-01   6.239649e-22   0.000000e+00   4.312003e-23   72
  1.331707e-01   7.913770e-22   0.000000e+00   5.454591e-23   48
  1.360350e-01   4.611237e-22   1.490116e-09   7.121629e-23   8
  1.374447e-01   4.877592e-22   1.766064e-09   5.130725e-23   54
  1.388401e-01   4.231704e-22   0.000000e+00   3.500923e-23   84
  1.402216e-01   3.947699e-22   0.000000e+00   4.687601e-23   48
  1.415897e-01   5.161252e-22   1.986821e-09   5.323279e-23   24
  1.429446e-01   3.624830e-22   1.873193e-09   3.693408e-23   72
  1.442869e-01   3.595616e-22   0.000000e+00   3.494546e-23   96
  1.469345e-01   3.187926e-22   0.000000e+00   2.168140e-23   48
  1.482407e-01   3.713359e-22   0.000000e+00   3.434017e-23   48
  1.495354e-01   2.475813e-22   1.986821e-09   4.446925e-23   24
  1.508189e-01   3.114301e-22   0.000000e+00   2.132595e-23   72
  1.533539e-01   2.593058e-22   1.873193e-09   2.784178e-23   72
  1.546058e-01   2.201905e-22   0.000000e+00   1.581241e-23   96
  1.570796e-01   2.451845e-22   0.000000e+00   5.491402e-23   6
  1.583021e-01   2.185506e-22   0.000000e+00   1.487627e-23   96
  1.595151e-01   2.384614e-22   1.986821e-09   1.560628e-23   96
  1.607190e-01   2.895032e-22   0.000000e+00   2.142322e-23   24
  1.619140e-01   2.274637e-22   2.809790e-09   2.114864e-23   48
  1.631002e-01   1.737753e-22   0.000000e+00   1.280744e-23   96
  1.642778e-01   1.736463e-22   0.000000e+00   1.438382e-23   48
  1.666081e-01   2.063246e-22   0.000000e+00   2.286721e-23   36
  1.677611e-01   1.956451e-22   3.441276e-09   1.649429e-23   48
  1.689063e-01   1.519822e-22   3.893359e-09   1.021200e-23   120
  1.700437e-01   1.581296e-22   0.000000e+00   1.732556e-23   56
  1.711736e-01   1.466837e-22   1.986821e-09   1.874758e-23   24
  1.722960e-01   1.398519e-22   0.000000e+00   1.207457e-23   96
  1.734112e-01   1.371978e-22   0.000000e+00   1.543697e-23   48
  1.756204e-01   1.910783e-22   0.000000e+00   2.174204e-23   24
  1.767146e-01   1.187391e-22   0.000000e+00   7.631752e-24   102
  1.778021e-01   1.481300e-22   0.000000e+00   1.584258e-23   48
  1.788829e-01   1.273558e-22   0.000000e+00   9.293866e-24   72
  1.799573e-01   1.128411e-22   0.000000e+00   1.555615e-23   48
  1.810253e-01   1.244821e-22   0.000000e+00   1.248027e-23   48
  1.820871e-01   1.285864e-22   4.495664e-09   1.057920e-23   120
  1.841922e-01   7.511491e-23   2.809790e-09   1.225983e-23   24
  1.852358e-01   9.899385e-23   2.649095e-09   6.255625e-24   144
  1.862735e-01   9.528098e-23   3.178914e-09   5.361535e-24   120
  1.873055e-01   1.149751e-22   2.809790e-09   1.083470e-23   48
  1.893526e-01   9.130414e-23   2.809790e-09   7.233218e-24   48
  1.903679e-01   8.194614e-23   2.809790e-09   5.131806e-24   96
  1.923825e-01   7.067524e-23   2.809790e-09   6.582675e-24   24
  1.933819e-01   6.673801e-23   0.000000e+00   6.348962e-24   48
  1.943761e-01   7.141100e-23   3.532127e-09   4.113263e-24   108
  1.953653e-01   7.227150e-23   0.000000e+00   6.160089e-24   72
  1.963495e-01   5.849339e-23   0.000000e+00   3.698399e-24   30
  1.973288e-01   7.004042e-23   0.000000e+00   3.345957e-24   168
  1.983033e-01   6.065150e-23   0.000000e+00   6.380942e-24   48
  2.002380e-01   7.057422e-23   0.000000e+00   6.452115e-24   72
  2.011984e-01   6.522336e-23   0.000000e+00   4.670295e-24   96
  2.021542e-01   6.726866e-23   5.298191e-09   5.016387e-24   72
  2.031055e-01   5.941043e-23   0.000000e+00   3.261592e-24   72
  2.040524e-01   6.879788e-23   2.980232e-09   1.018313e-23   32
  2.049949e-01   5.010146e-23   2.649095e-09   3.590197e-24   72
  2.059331e-01   5.670212e-23   3.746387e-09   4.151223e-24   144
  2.087224e-01   5.100089e-23   6.282881e-09   2.586347e-24   96
  2.096439e-01   4.139716e-23   0.000000e+00   3.330551e-24   96
  2.105614e-01   4.871459e-23   0.000000e+00   6.147440e-24   48
  2.114749e-01   5.035201e-23   0.000000e+00   3.580490e-24   72
  2.123845e-01   5.114332e-23   0.000000e+00   3.419721e-24   120
  2.132902e-01   5.162549e-23   0.000000e+00   3.853169e-24   72
  2.150901e-01   5.852280e-23   0.000000e+00   5.686190e-24   48
  2.159845e-01   4.795230e-23   4.235416e-09   3.819345e-24   78
  2.168752e-01   4.677892e-23   3.178914e-09   3.109038e-24   120
  2.177622e-01   3.846036e-23   3.973643e-09   4.787746e-24   48
  2.195255e-01   4.206604e-23   3.746387e-09   2.498970e-24   144
  2.204018e-01   3.759909e-23   3.746387e-09   2.276387e-24   144
  2.221441e-01   5.019367e-23   0.000000e+00   1.164203e-23   12
  2.230102e-01   3.274330e-23   0.000000e+00   2.030656e-24   144
  2.238729e-01   4.677395e-23   4.866699e-09   5.740651e-24   48
  2.247323e-01   3.801190e-23   3.178914e-09   2.216565e-24   120
  2.255884e-01   3.291267e-23   0.000000e+00   2.528969e-24   48
  2.264413e-01   2.463763e-23   0.000000e+00   2.531373e-24   48
  2.272910e-01   3.292763e-23   0.000000e+00   2.381278e-24   168
  2.289809e-01   2.609402e-23   0.000000e+00   2.511529e-24   48
  2.298212e-01   3.563276e-23   2.809790e-09   2.397091e-24   96
  2.306585e-01   2.780583e-23   2.809790e-09   2.379275e-24   96
  2.314927e-01   3.084694e-23   0.000000e+00   3.001322e-24   72
  2.323239e-01   1.853051e-23   2.809790e-09   1.551039e-24   48
  2.331522e-01   3.134890e-23   0.000000e+00   2.202237e-24   96
  2.339775e-01   2.728408e-23   0.000000e+00   2.577327e-24   48
  2.356194e-01   3.472435e-23   3.178914e-09   4.346304e-24   30
  2.364362e-01   2.696501e-23   2.809790e-09   2.007731e-24   96
  2.372501e-01   2.701977e-23   0.000000e+00   1.574563e-24   192
  2.380612e-01   2.573572e-23   3.973643e-09   2.996263e-24   48
  2.380612e-01   1.731415e-23   0.000000e+00   3.305425e-24   8
  2.388695e-01   4.609742e-23   2.809790e-09   8.258475e-24   24
  2.396752e-01   2.530753e-23   0.000000e+00   1.565618e-24   168
  2.404781e-01   2.003090e-23   0.000000e+00   1.083741e-24   120
  2.420760e-01   2.267638e-23   5.923557e-09   2.967903e-24   72
  2.428710e-01   2.221297e-23   3.746387e-09   1.497626e-24   144
  2.436634e-01   2.171108e-23   0.000000e+00   1.515842e-24   96
  2.444532e-01   1.846435e-23   0.000000e+00   1.473727e-24   96
  2.460253e-01   3.262376e-23   4.588368e-09   2.674943e-24   72
  2.468075e-01   1.868013e-23   3.973643e-09   1.766293e-24   96
  2.483647e-01   2.211918e-23   0.000000e+00   3.228983e-24   24
  2.491396e-01   1.711277e-23   0.000000e+00   8.624654e-25   192
  2.499122e-01   1.875234e-23   3.532127e-09   1.366668e-24   108
  2.506823e-01   1.400307e-23   0.000000e+00   1.614647e-24   24
  2.514501e-01   1.956642e-23   0.000000e+00   1.533993e-24   96
  2.522156e-01   1.467176e-23   0.000000e+00   1.074811e-24   96
  2.529787e-01   1.241494e-23   3.178914e-09   8.894514e-25   120
  2.544981e-01   1.289268e-23   0.000000e+00   1.065759e-24   48
  2.552544e-01   2.307225e-23   5.989783e-09   1.315799e-24   78
  2.560085e-01   1.925649e-23   0.000000e+00   1.372458e-24   144
  2.567603e-01   1.795615e-23   0.000000e+00   1.494318e-24   120
  2.575100e-01   1.266724e-23   4.866699e-09   1.889219e-24   24
  2.582575e-01   1.766906e-23   0.000000e+00   1.008234e-24   168
  2.590028e-01   1.710597e-23   0.000000e+00   1.218746e-24   144
  2.604871e-01   1.677151e-23   4.866699e-09   2.908923e-24   24
  2.612261e-01   1.464747e-23   0.000000e+00   1.464759e-24   48
  2.619630e-01   2.018570e-23   2.809790e-09   1.645375e-24   96
  2.626978e-01   1.628096e-23   0.000000e+00   1.448598e-24   120
  2.634306e-01   1.191222e-23   0.000000e+00   9.952601e-25   72
  2.641613e-01   1.319488e-23   4.495664e-09   8.792941e-25   120
  2.648900e-01   1.540711e-23   0.000000e+00   1.032401e-24   144
  2.663415e-01   1.292225e-23   0.000000e+00   1.099911e-24   48
  2.670642e-01   1.103938e-23   5.619580e-09   6.149123e-25   192
  2.677851e-01   1.524911e-23   0.000000e+00   1.455388e-24   144
  2.685040e-01   1.539700e-23   0.000000e+00   1.899959e-24   48
  2.699360e-01   1.340713e-23   0.000000e+00   7.827697e-25   192
  2.706492e-01   1.090204e-23   0.000000e+00   1.242472e-24   48
  2.720699e-01   6.015554e-24   2.980232e-09   4.406409e-25   8
  2.727775e-01   1.117127e-23   3.973643e-09   1.170943e-24   48
  2.734833e-01   1.166824e-23   8.991328e-09   6.618210e-25   240
  2.741872e-01   1.297453e-23   0.000000e+00   1.045004e-24   96
  2.748894e-01   1.256995e-23   3.532127e-09   1.082756e-24   54
  2.755897e-01   1.430398e-23   0.000000e+00   1.194080e-24   120
  2.762883e-01   1.189187e-23   3.178914e-09   7.548132e-25   120
  2.776802e-01   8.816675e-24   0.000000e+00   8.509947e-25   84
  2.783735e-01   1.139746e-23   0.000000e+00   7.372579e-25   144
  2.790651e-01   1.072109e-23   3.746387e-09   9.836579e-25   72
  2.797550e-01   9.711158e-24   0.000000e+00   1.073766e-24   96
  2.804432e-01   1.384061e-23   0.000000e+00   1.399041e-24   48
  2.811298e-01   1.229793e-23   0.000000e+00   1.045838e-24   96
  2.818146e-01   1.003364e-23   4.495664e-09   4.914895e-25   240
  2.831793e-01   7.343004e-24   3.973643e-09   1.185815e-24   24
  2.838592e-01   9.169630e-24   0.000000e+00   5.674912e-25   240
  2.845375e-01   8.755397e-24   5.619580e-09   7.229060e-25   96
  2.852142e-01   7.345019e-24   0.000000e+00   6.197630e-25   72
  2.858892e-01   9.356314e-24   3.746387e-09   7.340204e-25   72
  2.865627e-01   1.089758e-23   0.000000e+00   1.091274e-24   96
  2.872346e-01   1.607960e-23   0.000000e+00   1.164182e-24   72
  2.885737e-01   9.103355e-24   0.000000e+00   6.455027e-25   96
  2.892409e-01   5.337259e-24   3.973643e-09   3.543393e-25   96
  2.899066e-01   5.857192e-24   7.786718e-09   3.392876e-25   120
  2.905708e-01   7.070972e-24   3.973643e-09   4.731815e-25   96
  2.918946e-01   8.228399e-24   0.000000e+00   4.282592e-25   192
  2.925542e-01   9.369029e-24   3.746387e-09   5.176236e-25   144
  2.938691e-01   4.069935e-24   0.000000e+00   3.608207e-25   48
  2.945243e-01   8.535244e-24   6.229375e-09   6.136261e-25   150
  2.951781e-01   5.934143e-24   5.619580e-09   6.476622e-25   96
  2.958304e-01   7.051526e-24   7.108269e-09   4.815925e-25   120
  2.964813e-01   6.518646e-24   0.000000e+00   9.816140e-25   48
  2.971308e-01   7.638466e-24   5.506041e-09   5.871099e-25   120
  2.977788e-01   7.419221e-24   0.000000e+00   4.649245e-25   240
  2.990707e-01   8.525115e-24   3.973643e-09   1.029189e-24   24
  2.997146e-01   7.343150e-24   0.000000e+00   4.884330e-25   144
  3.003570e-01   5.947918e-24   7.064254e-09   3.306633e-25   216
  3.009981e-01   1.130616e-23   0.000000e+00   1.183268e-24   48
  3.016379e-01   5.913582e-24   0.000000e+00   6.250434e-25   72
  3.022763e-01   5.601475e-24   0.000000e+00   3.323686e-25   144
  3.029133e-01   5.928865e-24   0.000000e+00   5.798755e-25   96
  3.048165e-01   6.272375e-24   0.000000e+00   4.692273e-25   144
  3.054482e-01   6.676207e-24   0.000000e+00   5.019575e-25   132
  3.060786e-01   6.474772e-24   0.000000e+00   4.644997e-25   104
  3.067078e-01   3.328722e-24   3.746387e-09   2.551215e-25   72
  3.073356e-01   7.095841e-24   6.422377e-09   5.669897e-25   168
  3.079622e-01   4.709182e-24   0.000000e+00   3.780568e-25   144
  3.092116e-01   6.093430e-24   0.000000e+00   4.763169e-25   96
  3.098343e-01   3.795421e-24   0.000000e+00   2.608392e-25   144
  3.104559e-01   6.527260e-24   0.000000e+00   4.248109e-25   144
  3.110762e-01   4.543137e-24   9.082613e-09   3.082368e-25   168
  3.123131e-01   3.737735e-24   0.000000e+00   2.880449e-25   48
  3.129297e-01   5.721130e-24   3.973643e-09   3.270672e-25   192
  3.141593e-01   3.544033e-24   0.000000e+00   2.076703e-24   3
  3.147723e-01   4.362371e-24   5.994218e-09   3.468555e-25   180
  3.153841e-01   4.537398e-24   0.000000e+00   5.989594e-25   84
  3.159947e-01   4.435147e-24   5.619580e-09   3.777901e-25   96
  3.166041e-01   5.333011e-24   0.000000e+00   6.108149e-25   84
  3.172124e-01   5.611546e-24   6.882552e-09   4.591000e-25   192
  3.178195e-01   6.511181e-24   0.000000e+00   7.068373e-25   72
  3.190302e-01   5.077237e-24   6.422377e-09   6.412049e-25   84
  3.196339e-01   7.781971e-24   0.000000e+00   9.819247e-25   84
  3.202364e-01   4.055584e-24   0.000000e+00   3.679478e-25   216
  3.208378e-01   2.641297e-24   0.000000e+00   2.193775e-25   48
  3.214381e-01   3.223095e-24   0.000000e+00   3.342603e-25   24
  3.220372e-01   3.793828e-24   0.000000e+00   2.890505e-25   240
  3.226352e-01   3.716515e-24   0.000000e+00   2.042532e-25   192
  3.238280e-01   4.845827e-24   0.000000e+00   1.087056e-24   36
  3.244227e-01   6.003330e-24   0.000000e+00   7.018333e-25   72
  3.250163e-01   3.909918e-24   0.000000e+00   4.086233e-25   132
  3.256089e-01   4.199082e-24   0.000000e+00   3.443894e-25   120
  3.262004e-01   4.081129e-24   0.000000e+00   4.657268e-25   72
  3.267908e-01   4.426909e-24   0.000000e+00   3.002799e-25   72
  3.273801e-01   3.346478e-24   1.015467e-08   2.253734e-25   168
  3.285556e-01   1.718439e-24   0.000000e+00   1.131859e-25   48
  3.291418e-01   3.436250e-24   6.477696e-09   2.694951e-25   204
  3.297269e-01   4.501447e-24   0.000000e+00   6.214761e-25   72
  3.303111e-01   3.752674e-24   0.000000e+00   4.142197e-25   72
  3.314762e-01   2.496333e-24   0.000000e+00   2.510098e-25   168
  3.320572e-01   2.701376e-24   3.746387e-09   1.895782e-25   144
  3.332162e-01   6.046021e-24   0.000000e+00   9.200714e-25   24
  3.337942e-01   2.077128e-24   3.973643e-09   2.478575e-25   96
  3.343712e-01   3.735239e-24   0.000000e+00   2.256876e-25   192
  3.349472e-01   1.823313e-24   0.000000e+00   1.820537e-25   72
  3.355222e-01   3.547557e-24   5.298191e-09   4.788561e-25   36
  3.360963e-01   2.880768e-24   7.865773e-09   2.180881e-25   168
  3.366693e-01   1.987171e-24   0.000000e+00   1.239521e-25   120
  3.378125e-01   3.696571e-24   6.882552e-09   3.902175e-25   96
  3.383827e-01   3.127015e-24   0.000000e+00   2.957479e-25   144
  3.389519e-01   3.430659e-24   0.000000e+00   2.952204e-25   48
  3.395201e-01   2.030674e-24   1.059638e-08   1.497922e-25   144
  3.400874e-01   1.791574e-24   0.000000e+00   2.482307e-25   56
  3.406537e-01   3.214113e-24   5.298191e-09   4.246681e-25   72
  3.412191e-01   1.444501e-24   3.973643e-09   1.587315e-25   96
  3.423471e-01   1.703414e-24   3.973643e-09   3.265920e-25   24
  3.429097e-01   2.091423e-24   0.000000e+00   1.535492e-25   156
  3.434714e-01   2.079042e-24   4.890638e-09   1.656736e-25   156
  3.440322e-01   3.344848e-24   3.973643e-09   3.501138e-25   48
  3.445920e-01   2.357789e-24   0.000000e+00   3.881250e-25   72
  3.451510e-01   2.654188e-24   0.000000e+00   3.802367e-25   72
  3.457090e-01   2.024207e-24   3.973643e-09   1.529387e-25   96
  3.468224e-01   2.036776e-24   0.000000e+00   2.348927e-25   48
  3.473778e-01   1.360086e-24   6.882552e-09   1.041726e-25   96
  3.479323e-01   1.867696e-24   9.990364e-09   1.396053e-25   216
  3.484859e-01   1.801420e-24   0.000000e+00   1.522223e-25   96
  3.495904e-01   2.050253e-24   0.000000e+00   1.422888e-25   96
  3.501414e-01   1.265106e-24   0.000000e+00   1.046601e-25   96
  3.512407e-01   5.127063e-24   0.000000e+00   4.907838e-25   12
  3.517891e-01   2.041919e-24   0.000000e+00   1.457222e-25   168
  3.523367e-01   1.637634e-24   0.000000e+00   1.156784e-25   96
  3.528833e-01   1.328239e-24   3.973643e-09   2.239981e-25   48
  3.534292e-01   1.695639e-24   6.488932e-09   2.240139e-25   72
  3.539742e-01   1.266823e-24   4.495664e-09   1.146508e-25   120
  3.545183e-01   1.410689e-24   7.947286e-09   9.313412e-26   192
  3.556041e-01   2.870280e-24   0.000000e+00   4.769216e-25   12
  3.561458e-01   1.657295e-24   0.000000e+00   1.304910e-25   168
  3.566867e-01   2.074640e-24   3.973643e-09   2.767001e-25   24
  3.572267e-01   1.288620e-24   0.000000e+00   1.231480e-25   72
  3.577659e-01   1.005306e-24   0.000000e+00   1.237668e-25   48
  3.583043e-01   1.058729e-24   5.619580e-09   7.019552e-26   96
  3.588419e-01   1.830659e-24   0.000000e+00   1.909922e-25   48
  3.599147e-01   2.716693e-24   5.619580e-09   2.440100e-25   24
  3.604498e-01   1.850247e-24   0.000000e+00   3.043840e-25   36
  3.609842e-01   1.653830e-24   7.078835e-09   1.419777e-25   132
  3.615178e-01   1.178637e-24   7.492773e-09   1.157320e-25   72
  3.620507e-01   2.106342e-24   0.000000e+00   2.839186e-25   24
  3.625827e-01   1.566202e-24   0.000000e+00   1.118994e-25   192
  3.631140e-01   9.029745e-25   0.000000e+00   6.311098e-26   144
  3.641741e-01   9.374556e-25   0.000000e+00   9.006424e-26   72
  3.647031e-01   1.225128e-24   0.000000e+00   1.723351e-25   72
  3.652313e-01   1.421511e-24   5.619580e-09   1.764876e-25   96
  3.657587e-01   1.734170e-24   0.000000e+00   1.390082e-25   72
  3.668112e-01   8.198491e-25   0.000000e+00   6.876188e-26   96
  3.673364e-01   1.128622e-24   0.000000e+00   8.568497e-26   144
  3.683844e-01   3.704966e-25   5.619580e-09   5.665686e-26   24
  3.689073e-01   1.275068e-24   0.000000e+00   1.754282e-25   96
  3.694295e-01   6.203028e-25   6.422377e-09   6.928138e-26   84
  3.699509e-01   8.668398e-25   0.000000e+00   6.066374e-26   96
  3.704716e-01   1.733466e-24   0.000000e+00   1.355897e-25   84
  3.709915e-01   1.540833e-24   3.973643e-09   2.017141e-25   24
  3.715108e-01   4.716555e-25   0.000000e+00   8.662351e-26   24
  3.725471e-01   9.960896e-25   0.000000e+00   1.367921e-25   72
  3.730641e-01   9.095770e-25   0.000000e+00   9.019835e-26   48
  3.736127e-01   9.804035e-25   1.248164e-04   8.712503e-26   128
  3.740961e-01   4.421544e-25   5.619580e-09   4.341325e-26   24
  3.751253e-01   7.865729e-25   5.298191e-09   7.211754e-26   144
  3.756388e-01   9.444361e-25   0.000000e+00   8.036883e-26   96
  3.771752e-01   9.580665e-25   0.000000e+00   6.716522e-26   144
  3.776859e-01   8.890648e-25   5.619580e-09   6.957754e-26   96
  3.781959e-01   4.988094e-25   7.947286e-09   4.855859e-26   96
  3.787053e-01   1.538641e-24   5.619580e-09   2.315792e-25   24
  3.792140e-01   1.386950e-24   0.000000e+00   1.324873e-25   72
  3.797219e-01   7.262151e-25   8.991328e-09   5.413780e-26   120
  3.807359e-01   4.958879e-25   5.619580e-09   5.785964e-26   48
  3.812418e-01   5.174347e-25   0.000000e+00   7.038607e-26   108
  3.817471e-01   1.283834e-24   0.000000e+00   1.138426e-25   72
  3.832590e-01   7.330426e-25   5.298191e-09   5.265822e-26   144
  3.837616e-01   7.174910e-25   5.619580e-09   6.170616e-26   48
  3.847649e-01   6.654991e-25   5.619580e-09   8.059542e-26   12
  3.855656e-01   7.053061e-25   2.449590e-04   5.639488e-26   120
  3.862650e-01   4.715920e-25   5.619580e-09   9.325736e-26   48
  3.867637e-01   1.889171e-25   5.619580e-09   3.563124e-26   24
  3.872618e-01   3.838458e-25   9.733398e-09   2.634385e-26   96
  3.877593e-01   3.959831e-25   0.000000e+00   4.181392e-26   96
  3.887523e-01   8.384452e-25   7.492773e-09   1.198134e-25   36
  3.892478e-01   6.634049e-25   0.000000e+00   6.470821e-26   48
  3.897427e-01   5.693019e-25   0.000000e+00   4.868133e-26   120
  3.902370e-01   6.924985e-25   0.000000e+00   6.780058e-26   96
  3.907307e-01   5.700245e-25   0.000000e+00   8.106210e-26   48
  3.917161e-01   6.389757e-25   0.000000e+00   7.026559e-26   96
  3.931451e-01   7.866064e-25   1.410282e-04   5.882390e-26   132
  3.936796e-01   4.731502e-25   0.000000e+00   3.863650e-26   48
  3.941690e-01   9.146498e-25   0.000000e+00   1.395479e-25   48
  3.946577e-01   4.565986e-25   0.000000e+00   5.187144e-26   72
  3.951458e-01   5.591379e-25   0.000000e+00   5.441906e-26   72
  3.956334e-01   3.353360e-25   5.619580e-09   3.592470e-26   48
  3.966066e-01   7.562258e-25   0.000000e+00   9.221772e-26   24
  3.970924e-01   5.806683e-25   5.619580e-09   1.016661e-25   48
  3.975775e-01   5.422540e-25   9.733398e-09   5.066207e-26   96
  3.980621e-01   1.082155e-25   0.000000e+00   1.445143e-26   24
  3.990294e-01   2.260155e-25   0.000000e+00   2.680589e-26   72
  3.995122e-01   3.464681e-25   0.000000e+00   3.182880e-26   48
  4.004761e-01   7.512776e-25   5.619580e-09   1.934810e-25   24
  4.009571e-01   2.443104e-25   0.000000e+00   3.092008e-26   72
  4.014376e-01   3.746062e-25   0.000000e+00   3.739125e-26   60
  4.019175e-01   3.978325e-25   5.298191e-09   3.169751e-26   72
  4.023968e-01   2.973998e-25   0.000000e+00   4.657571e-26   24
  4.028756e-01   4.049481e-25   0.000000e+00   6.990492e-26   72
  4.033538e-01   8.736436e-25   9.733398e-09   8.957118e-26   48
  4.047849e-01   5.182829e-25   7.064254e-09   5.618929e-26   108
  4.052609e-01   7.159198e-25   0.000000e+00   1.220244e-25   48
  4.057363e-01   1.624206e-25   5.619580e-09   1.585637e-26   48
  4.062111e-01   3.367595e-25   0.000000e+00   4.468472e-26   24
  4.066854e-01   3.457684e-25   7.492773e-09   4.825769e-26   72
  4.071591e-01   4.787621e-25   0.000000e+00   5.834917e-26   96
  4.085095e-01   2.116568e-25   1.651903e-04   1.854752e-26   56
  4.090485e-01   3.759640e-25   0.000000e+00   7.251837e-26   72
  4.099899e-01   5.348333e-25   0.000000e+00   8.617959e-26   24
  4.104598e-01   3.978528e-25   0.000000e+00   4.083956e-26   72
  4.109291e-01   1.109912e-25   5.619580e-09   1.222190e-26   48
  4.121469e-01   3.415878e-25   2.291567e-04   3.929044e-26   120
  4.132680e-01   2.232620e-25   5.619580e-09   2.042261e-26   48
  4.146649e-01   2.078290e-25   0.000000e+00   1.627365e-26   144
  4.160572e-01   2.796989e-25   5.619580e-09   2.687169e-26   24
  4.165203e-01   3.475361e-25   0.000000e+00   3.542772e-26   84
  4.169828e-01   4.843728e-25   0.000000e+00   7.397618e-26   24
  4.174448e-01   5.393883e-25   5.619580e-09   7.331551e-26   12
  4.179064e-01   8.365355e-25   7.947286e-09   1.647495e-25   24
  4.183674e-01   3.580736e-25   0.000000e+00   4.137932e-26   24
  4.195385e-01   3.468354e-25   2.287955e-04   3.807841e-26   132
  4.202064e-01   2.022632e-25   5.298191e-09   2.084618e-26   72
  4.206649e-01   3.307357e-25   5.619580e-09   6.562821e-26   48
  4.215803e-01   2.922644e-25   0.000000e+00   3.029595e-26   96
  4.229499e-01   2.500274e-25   0.000000e+00   4.049528e-26   24
  4.234054e-01   1.021499e-25   0.000000e+00   9.369963e-27   48
  4.238604e-01   4.298010e-25   0.000000e+00   5.366618e-26   24
  4.243149e-01   6.806674e-26   0.000000e+00   1.040678e-26   24
  4.247690e-01   4.437848e-25   0.000000e+00   5.711756e-26   24
  4.252226e-01   1.021980e-25   0.000000e+00   9.185450e-27   48
  4.256757e-01   1.975306e-25   7.947286e-09   2.495183e-26   48
  4.270320e-01   8.138726e-26   7.947286e-09   5.333002e-27   24
  4.274832e-01   2.741416e-25   0.000000e+00   2.835259e-26   24
  4.279339e-01   1.878665e-25   0.000000e+00   2.792619e-26   72
  4.288339e-01   3.565926e-25   5.619580e-09   5.902872e-26   48
  4.306282e-01   4.469133e-25   0.000000e+00   7.318168e-26   36
  4.310756e-01   2.771099e-25   5.619580e-09   4.787259e-26   48
  4.319690e-01   5.337940e-26   0.000000e+00   5.744742e-27   24
  4.324150e-01   2.567259e-25   7.492773e-09   3.735143e-26   72
  4.328606e-01   9.034762e-26   0.000000e+00   1.022142e-26   72
  4.337503e-01   2.515825e-25   0.000000e+00   2.771284e-26   24
  4.345273e-01   1.698875e-25   1.921429e-04   1.974975e-26   96
  4.355244e-01   7.412058e-26   0.000000e+00   1.433427e-26   24
  4.364087e-01   7.663132e-26   0.000000e+00   8.155497e-27   48
  4.377318e-01   4.826122e-25   0.000000e+00   7.029128e-26   24
  4.381719e-01   7.265758e-26   5.619580e-09   1.662719e-26   12
  4.386117e-01   1.163351e-25   5.619580e-09   1.853106e-26   24
  4.390509e-01   9.757082e-26   0.000000e+00   8.767259e-27   24
  4.397820e-01   1.006174e-25   2.066609e-04   8.188228e-27   72
  4.416774e-01   2.563024e-25   5.619580e-09   3.244539e-26   48
  4.421136e-01   2.415075e-26   0.000000e+00   6.105004e-27   8
  4.429848e-01   3.072856e-26   7.947286e-09   4.025257e-27   48
  4.446991e-01   1.642631e-25   9.683574e-05   4.194499e-26   57
  4.451552e-01   1.472155e-25   0.000000e+00   1.850648e-26   24
  4.455880e-01   3.852638e-26   5.619580e-09   3.469565e-27   48
  4.460204e-01   1.626227e-25   1.101208e-08   1.849555e-26   30
  4.464524e-01   2.407620e-25   0.000000e+00   1.980290e-26   24
  4.481762e-01   8.133832e-26   4.890638e-09   1.835196e-26   78
  4.498933e-01   6.287931e-26   0.000000e+00   8.017127e-27   24
  4.511769e-01   6.543914e-25   0.000000e+00   1.361014e-25   6
  4.520306e-01   1.367111e-25   0.000000e+00   1.391756e-26   24
  4.524568e-01   5.028068e-26   0.000000e+00   6.902731e-27   24
  4.535206e-01   4.451995e-26   2.125214e-04   5.764905e-27   48
  4.545821e-01   2.492899e-26   0.000000e+00   2.157417e-27   24
  4.550059e-01   3.546810e-25   0.000000e+00   8.466212e-26   6
  4.554294e-01   2.762257e-26   0.000000e+00   2.800740e-27   48
  4.571193e-01   2.509195e-26   5.619580e-09   2.367985e-27   48
  4.579619e-01   4.695126e-26   0.000000e+00   8.692783e-27   12
  4.583826e-01   9.955668e-26   7.947286e-09   9.289099e-27   24
  4.588030e-01   3.114525e-26   0.000000e+00   3.716380e-27   24
  4.596425e-01   1.300958e-25   0.000000e+00   7.955495e-27   6
  4.604805e-01   2.889889e-26   0.000000e+00   3.136362e-27   24
  4.613170e-01   5.063113e-26   5.619580e-09   5.915161e-27   24
  4.652466e-01   4.902962e-26   2.058721e-04   1.003481e-26   54
  4.658907e-01   1.754409e-26   0.000000e+00   2.426756e-27   24
  4.667175e-01   1.462107e-26   0.000000e+00   1.158966e-27   48
  4.683667e-01   1.980718e-26   0.000000e+00   2.447085e-27   24
  4.691891e-01   2.967527e-26   0.000000e+00   3.740844e-27   24
  4.700101e-01   2.609822e-26   9.733398e-09   3.154952e-27   24
  4.712389e-01   7.072123e-26   5.619580e-09   9.158511e-27   6
  4.732798e-01   3.645154e-26   7.947286e-09   3.943522e-27   24
  4.761223e-01   7.491879e-27   0.000000e+00   3.169660e-28   8
  4.769314e-01   8.488860e-27   0.000000e+00   9.046727e-28   48
  4.781424e-01   3.061914e-26   7.947286e-09   7.612747e-27   6
  4.785454e-01   1.234985e-26   0.000000e+00   1.253207e-27   36
  4.793503e-01   1.462208e-26   5.619580e-09   2.212046e-27   24
  4.817571e-01   1.863172e-26   7.947286e-09   3.539179e-27   24
  4.857419e-01   5.458477e-26   0.000000e+00   8.704070e-27   6
  4.877221e-01   5.505336e-27   0.000000e+00   5.603362e-28   24
  4.885120e-01   6.145482e-27   0.000000e+00   1.004612e-27   24
  4.893005e-01   8.187257e-27   0.000000e+00   2.037429e-27   24
  4.908739e-01   1.478015e-26   0.000000e+00   2.027913e-27   24
  4.940055e-01   4.117276e-27   1.123916e-08   1.053333e-27   6
  4.990524e-01   3.305026e-27   5.619580e-09   6.074075e-28   24
  4.998243e-01   3.653552e-27   0.000000e+00   9.241085e-28   12
  5.005951e-01   3.874125e-27   7.947286e-09   3.258632e-28   24
  5.029002e-01   4.909194e-27   0.000000e+00   2.733125e-28   6
  5.101311e-01   9.489887e-28   0.000000e+00   8.048356e-29   8
  5.108863e-01   2.935984e-27   5.619580e-09   4.388266e-28   24
  5.123933e-01   6.749826e-27   0.000000e+00   1.930207e-27   6
  5.217137e-01   1.186449e-27   0.000000e+00   2.942192e-28   12
  5.224521e-01   2.254576e-27   0.000000e+00   7.513918e-28   6
  5.330447e-01   1.172272e-27   0.000000e+00   4.446893e-28   6
