# power spectrum of chi
# redshift z=30.000000
# k              Pk             sigma(k)       sigma(Pk)      count
  1.963495e-02   8.703580e-20   0.000000e+00   3.007288e-20   6
  2.776802e-02   1.325742e-19   0.000000e+00   3.469630e-20   12
  3.400874e-02   8.048090e-20   3.725290e-10   1.586804e-20   8
  3.926991e-02   6.141935e-20   0.000000e+00   1.992386e-20   6
  4.390509e-02   7.879847e-20   0.000000e+00   1.951784e-20   24
  4.809562e-02   6.691261e-20   7.024475e-10   1.079902e-20   24
  5.553604e-02   3.341303e-20   0.000000e+00   1.206120e-20   12
  5.890486e-02   3.768239e-20   7.947286e-10   5.833217e-21   30
  6.209118e-02   2.291398e-20   0.000000e+00   3.404727e-21   24
  6.512178e-02   1.587455e-20   1.216675e-09   4.255906e-21   24
  6.801748e-02   3.703272e-20   7.450581e-10   8.565273e-21   8
  7.079483e-02   1.699890e-20   9.934107e-10   3.677114e-21   24
  7.346727e-02   1.288237e-20   0.000000e+00   1.916710e-21   48
  7.853982e-02   1.192299e-20   0.000000e+00   9.262218e-22   6
  8.095699e-02   1.205262e-20   1.404895e-09   1.332443e-21   48
  8.330406e-02   8.091056e-21   0.000000e+00   1.617666e-21   36
  8.558678e-02   6.610582e-21   9.934107e-10   1.341795e-21   24
  8.781018e-02   7.312539e-21   0.000000e+00   1.347782e-21   24
  8.997866e-02   6.264445e-21   0.000000e+00   1.145746e-21   48
  9.209610e-02   1.405598e-20   1.404895e-09   2.786764e-21   24
  9.619124e-02   9.037263e-21   1.404895e-09   1.582140e-21   24
  9.817477e-02   4.203191e-21   0.000000e+00   1.173703e-21   30
  1.001190e-01   4.659810e-21   0.000000e+00   3.787494e-22   72
  1.020262e-01   3.440355e-21   1.490116e-09   6.133841e-22   32
  1.057375e-01   5.291266e-21   0.000000e+00   5.392809e-22   72
  1.075451e-01   3.287472e-21   0.000000e+00   4.423655e-22   48
  1.110721e-01   4.358045e-21   0.000000e+00   4.023436e-22   12
  1.127942e-01   3.441003e-21   0.000000e+00   3.767521e-22   48
  1.144905e-01   3.184501e-21   0.000000e+00   4.377884e-22   48
  1.161620e-01   1.875254e-21   1.404895e-09   2.431035e-22   48
  1.178097e-01   1.978405e-21   1.589457e-09   3.340084e-22   30
  1.194348e-01   1.057146e-21   1.404895e-09   1.462723e-22   24
  1.210380e-01   2.757760e-21   2.961779e-09   3.727213e-22   72
  1.241824e-01   1.782399e-21   0.000000e+00   2.660863e-22   24
  1.257251e-01   1.509754e-21   0.000000e+00   1.463563e-22   96
  1.272490e-01   2.418305e-21   0.000000e+00   2.564877e-22   48
  1.287550e-01   2.117721e-21   2.433349e-09   3.916167e-22   24
  1.302436e-01   1.714737e-21   2.433349e-09   2.399685e-22   24
  1.317153e-01   1.388779e-21   0.000000e+00   1.758198e-22   72
  1.331707e-01   1.227010e-21   0.000000e+00   1.519193e-22   48
  1.360350e-01   1.420448e-21   1.490116e-09   6.207497e-22   8
  1.374447e-01   1.233725e-21   1.766064e-09   1.844619e-22   54
  1.388401e-01   1.721825e-21   0.000000e+00   2.054118e-22   84
  1.402216e-01   9.844418e-22   0.000000e+00   1.581536e-22   48
  1.415897e-01   9.846111e-22   1.986821e-09   1.558784e-22   24
  1.429446e-01   8.985399e-22   1.873193e-09   1.074785e-22   72
  1.442869e-01   1.187758e-21   0.000000e+00   1.004816e-22   96
  1.469345e-01   8.520621e-22   0.000000e+00   1.149438e-22   48
  1.482407e-01   7.916411e-22   0.000000e+00   1.048917e-22   48
  1.495354e-01   1.135388e-21   1.986821e-09   2.951658e-22   24
  1.508189e-01   1.127992e-21   0.000000e+00   1.273852e-22   72
  1.533539e-01   8.091858e-22   1.873193e-09   8.950692e-23   72
  1.546058e-01   8.848671e-22   0.000000e+00   8.249831e-23   96
  1.570796e-01   2.022962e-22   0.000000e+00   7.183437e-23   6
  1.583021e-01   6.973449e-22   0.000000e+00   7.523695e-23   96
  1.595151e-01   7.218360e-22   1.986821e-09   7.285767e-23   96
  1.607190e-01   1.193965e-21   0.000000e+00   1.771997e-22   24
  1.619140e-01   7.069105e-22   2.809790e-09   1.095354e-22   48
  1.631002e-01   6.039659e-22   0.000000e+00   7.098663e-23   96
  1.642778e-01   6.702949e-22   0.000000e+00   9.861385e-23   48
  1.666081e-01   6.211258e-22   0.000000e+00   1.041347e-22   36
  1.677611e-01   6.444165e-22   3.441276e-09   1.029264e-22   48
  1.689063e-01   4.471668e-22   3.893359e-09   3.879181e-23   120
  1.700437e-01   7.067676e-22   0.000000e+00   1.311668e-22   56
  1.711736e-01   4.841210e-22   1.986821e-09   5.757125e-23   24
  1.722960e-01   4.848269e-22   0.000000e+00   5.160314e-23   96
  1.734112e-01   4.945650e-22   0.000000e+00   6.038877e-23   48
  1.756204e-01   2.941067e-22   0.000000e+00   3.840967e-23   24
  1.767146e-01   4.131003e-22   0.000000e+00   4.340694e-23   102
  1.778021e-01   2.839068e-22   0.000000e+00   3.448782e-23   48
  1.788829e-01   4.136599e-22   0.000000e+00   4.921866e-23   72
  1.799573e-01   5.113575e-22   0.000000e+00   8.630988e-23   48
  1.810253e-01   2.971448e-22   0.000000e+00   2.513233e-23   48
  1.820871e-01   2.881452e-22   4.495664e-09   2.343717e-23   120
  1.841922e-01   2.421061e-22   2.809790e-09   4.616361e-23   24
  1.852358e-01   3.402906e-22   2.649095e-09   2.371662e-23   144
  1.862735e-01   3.163637e-22   3.178914e-09   2.705904e-23   120
  1.873055e-01   3.145364e-22   2.809790e-09   3.461805e-23   48
  1.893526e-01   3.356608e-22   2.809790e-09   6.342847e-23   48
  1.903679e-01   2.570230e-22   2.809790e-09   2.698721e-23   96
  1.923825e-01   3.338883e-22   2.809790e-09   4.782850e-23   24
  1.933819e-01   2.023667e-22   0.000000e+00   2.911924e-23   48
  1.943761e-01   2.140283e-22   3.532127e-09   2.383513e-23   108
  1.953653e-01   2.551710e-22   0.000000e+00   2.645739e-23   72
  1.963495e-01   2.473961e-22   0.000000e+00   7.025546e-23   30
  1.973288e-01   2.536820e-22   0.000000e+00   1.830794e-23   168
  1.983033e-01   2.805332e-22   0.000000e+00   4.411851e-23   48
  2.002380e-01   1.988151e-22   0.000000e+00   2.034564e-23   72
  2.011984e-01   2.016080e-22   0.000000e+00   1.997092e-23   96
  2.021542e-01   2.244647e-22   5.298191e-09   2.514282e-23   72
  2.031055e-01   2.129916e-22   0.000000e+00   2.326975e-23   72
  2.040524e-01   1.259600e-22   2.980232e-09   2.341149e-23   32
  2.049949e-01   2.389030e-22   2.649095e-09   2.981946e-23   72
  2.059331e-01   1.728991e-22   3.746387e-09   1.488345e-23   144
  2.087224e-01   1.818977e-22   6.282881e-09   1.761023e-23   96
  2.096439e-01   1.786170e-22   0.000000e+00   1.510006e-23   96
  2.105614e-01   1.155720e-22   0.000000e+00   1.264038e-23   48
  2.114749e-01   1.769053e-22   0.000000e+00   1.851693e-23   72
  2.123845e-01   1.430426e-22   0.000000e+00   1.243454e-23   120
  2.132902e-01   1.431529e-22   0.000000e+00   1.896741e-23   72
  2.150901e-01   2.069503e-22   0.000000e+00   2.956551e-23   48
  2.159845e-01   1.366149e-22   4.235416e-09   1.434807e-23   78
  2.168752e-01   1.623450e-22   3.178914e-09   1.288775e-23   120
  2.177622e-01   1.145084e-22   3.973643e-09   1.264371e-23   48
  2.195255e-01   1.442157e-22   3.746387e-09   1.476459e-23   144
  2.204018e-01   1.193186e-22   3.746387e-09   1.003976e-23   144
  2.221441e-01   6.180633e-23   0.000000e+00   1.428183e-23   12
  2.230102e-01   1.424342e-22   0.000000e+00   1.269015e-23   144
  2.238729e-01   9.536534e-23   4.866699e-09   1.183013e-23   48
  2.247323e-01   1.035557e-22   3.178914e-09   1.013807e-23   120
  2.255884e-01   1.273440e-22   0.000000e+00   1.680524e-23   48
  2.264413e-01   1.231242e-22   0.000000e+00   2.610388e-23   48
  2.272910e-01   1.164663e-22   0.000000e+00   1.013200e-23   168
  2.289809e-01   1.373014e-22   0.000000e+00   2.436451e-23   48
  2.298212e-01   1.021278e-22   2.809790e-09   9.082921e-24   96
  2.306585e-01   1.185933e-22   2.809790e-09   1.127550e-23   96
  2.314927e-01   6.712307e-23   0.000000e+00   8.058696e-24   72
  2.323239e-01   1.033559e-22   2.809790e-09   1.324736e-23   48
  2.331522e-01   1.159843e-22   0.000000e+00   8.768347e-24   96
  2.339775e-01   6.692874e-23   0.000000e+00   9.455986e-24   48
  2.356194e-01   9.076772e-23   3.178914e-09   1.425252e-23   30
  2.364362e-01   9.288005e-23   2.809790e-09   9.329959e-24   96
  2.372501e-01   9.041841e-23   0.000000e+00   6.218598e-24   192
  2.380612e-01   1.028389e-22   3.973643e-09   1.387698e-23   48
  2.380612e-01   5.707692e-23   0.000000e+00   1.452296e-23   8
  2.388695e-01   7.100668e-23   2.809790e-09   8.798965e-24   24
  2.396752e-01   6.974078e-23   0.000000e+00   6.126488e-24   168
  2.404781e-01   6.406790e-23   0.000000e+00   5.315997e-24   120
  2.420760e-01   6.761434e-23   5.923557e-09   6.049680e-24   72
  2.428710e-01   6.363053e-23   3.746387e-09   4.715076e-24   144
  2.436634e-01   6.690571e-23   0.000000e+00   8.216259e-24   96
  2.444532e-01   9.571316e-23   0.000000e+00   1.071635e-23   96
  2.460253e-01   7.984201e-23   4.588368e-09   7.988136e-24   72
  2.468075e-01   6.191207e-23   3.973643e-09   7.324943e-24   96
  2.483647e-01   1.092711e-22   0.000000e+00   2.545567e-23   24
  2.491396e-01   6.462205e-23   0.000000e+00   5.114470e-24   192
  2.499122e-01   5.432487e-23   3.532127e-09   4.786934e-24   108
  2.506823e-01   7.376066e-23   0.000000e+00   2.112088e-23   24
  2.514501e-01   5.990358e-23   0.000000e+00   5.580129e-24   96
  2.522156e-01   5.143509e-23   0.000000e+00   5.663758e-24   96
  2.529787e-01   6.428084e-23   3.178914e-09   5.204841e-24   120
  2.544981e-01   5.746675e-23   0.000000e+00   9.637341e-24   48
  2.552544e-01   6.597391e-23   5.989783e-09   7.069327e-24   78
  2.560085e-01   5.822369e-23   0.000000e+00   4.107292e-24   144
  2.567603e-01   4.973237e-23   0.000000e+00   4.556079e-24   120
  2.575100e-01   3.285428e-23   4.866699e-09   3.663122e-24   24
  2.582575e-01   5.477918e-23   0.000000e+00   4.414424e-24   168
  2.590028e-01   5.454689e-23   0.000000e+00   6.393966e-24   144
  2.604871e-01   6.055480e-23   4.866699e-09   1.307356e-23   24
  2.612261e-01   6.214724e-23   0.000000e+00   9.251777e-24   48
  2.619630e-01   5.817298e-23   2.809790e-09   7.909921e-24   96
  2.626978e-01   4.912401e-23   0.000000e+00   3.891211e-24   120
  2.634306e-01   3.260921e-23   0.000000e+00   3.392176e-24   72
  2.641613e-01   4.056856e-23   4.495664e-09   3.580575e-24   120
  2.648900e-01   6.007777e-23   0.000000e+00   4.996161e-24   144
  2.663415e-01   4.032105e-23   0.000000e+00   5.418421e-24   48
  2.670642e-01   3.937128e-23   5.619580e-09   3.071974e-24   192
  2.677851e-01   4.960118e-23   0.000000e+00   4.054020e-24   144
  2.685040e-01   4.629481e-23   0.000000e+00   6.807030e-24   48
  2.699360e-01   4.569034e-23   0.000000e+00   4.005084e-24   192
  2.706492e-01   3.436746e-23   0.000000e+00   6.891321e-24   48
  2.720699e-01   4.180520e-23   2.980232e-09   1.416352e-23   8
  2.727775e-01   2.439880e-23   3.973643e-09   3.886533e-24   48
  2.734833e-01   3.476724e-23   8.991328e-09   2.455904e-24   240
  2.741872e-01   4.134023e-23   0.000000e+00   4.112337e-24   96
  2.748894e-01   3.885692e-23   3.532127e-09   4.456231e-24   54
  2.755897e-01   4.014621e-23   0.000000e+00   3.436928e-24   120
  2.762883e-01   3.828612e-23   3.178914e-09   3.345229e-24   120
  2.776802e-01   3.801862e-23   0.000000e+00   3.452090e-24   84
  2.783735e-01   3.490937e-23   0.000000e+00   2.797733e-24   144
  2.790651e-01   3.682922e-23   3.746387e-09   3.813411e-24   72
  2.797550e-01   3.209607e-23   0.000000e+00   3.327937e-24   96
  2.804432e-01   4.284805e-23   0.000000e+00   6.343348e-24   48
  2.811298e-01   3.671754e-23   0.000000e+00   3.550350e-24   96
  2.818146e-01   3.327630e-23   4.495664e-09   2.129295e-24   240
  2.831793e-01   3.428624e-23   3.973643e-09   5.896700e-24   24
  2.838592e-01   3.693243e-23   0.000000e+00   2.726474e-24   240
  2.845375e-01   3.384835e-23   5.619580e-09   3.212229e-24   96
  2.852142e-01   3.050925e-23   0.000000e+00   3.384518e-24   72
  2.858892e-01   2.364360e-23   3.746387e-09   2.530885e-24   72
  2.865627e-01   3.249949e-23   0.000000e+00   2.749332e-24   96
  2.872346e-01   3.983276e-23   0.000000e+00   3.897071e-24   72
  2.885737e-01   2.762689e-23   0.000000e+00   3.138107e-24   96
  2.892409e-01   2.300652e-23   3.973643e-09   2.459346e-24   96
  2.899066e-01   2.558489e-23   7.786718e-09   2.572892e-24   120
  2.905708e-01   3.305887e-23   3.973643e-09   3.672278e-24   96
  2.918946e-01   3.021040e-23   0.000000e+00   2.233537e-24   192
  2.925542e-01   2.817334e-23   3.746387e-09   2.295162e-24   144
  2.938691e-01   1.721006e-23   0.000000e+00   2.027972e-24   48
  2.945243e-01   2.484109e-23   6.229375e-09   1.973630e-24   150
  2.951781e-01   2.284869e-23   5.619580e-09   2.202980e-24   96
  2.958304e-01   1.767806e-23   7.108269e-09   1.681543e-24   120
  2.964813e-01   2.344377e-23   0.000000e+00   3.717110e-24   48
  2.971308e-01   2.266885e-23   5.506041e-09   2.533405e-24   120
  2.977788e-01   2.293991e-23   0.000000e+00   1.657311e-24   240
  2.990707e-01   2.590690e-23   3.973643e-09   3.806718e-24   24
  2.997146e-01   2.317006e-23   0.000000e+00   1.966888e-24   144
  3.003570e-01   1.867682e-23   7.064254e-09   1.326028e-24   216
  3.009981e-01   2.210670e-23   0.000000e+00   2.759666e-24   48
  3.016379e-01   1.843211e-23   0.000000e+00   2.522933e-24   72
  3.022763e-01   2.659020e-23   0.000000e+00   3.149608e-24   144
  3.029133e-01   2.501955e-23   0.000000e+00   1.938538e-24   96
  3.048165e-01   2.063000e-23   0.000000e+00   1.644123e-24   144
  3.054482e-01   2.385653e-23   0.000000e+00   1.823225e-24   132
  3.060786e-01   1.829113e-23   0.000000e+00   1.572928e-24   104
  3.067078e-01   1.706526e-23   3.746387e-09   1.684974e-24   72
  3.073356e-01   2.240629e-23   6.422377e-09   1.799952e-24   168
  3.079622e-01   2.089171e-23   0.000000e+00   1.770922e-24   144
  3.092116e-01   1.898222e-23   0.000000e+00   1.825252e-24   96
  3.098343e-01   1.473336e-23   0.000000e+00   1.027426e-24   144
  3.104559e-01   2.009513e-23   0.000000e+00   1.700715e-24   144
  3.110762e-01   1.639585e-23   9.082613e-09   1.274476e-24   168
  3.123131e-01   1.937086e-23   0.000000e+00   1.979421e-24   48
  3.129297e-01   1.752354e-23   3.973643e-09   1.245958e-24   192
  3.141593e-01   3.910885e-23   0.000000e+00   1.347954e-23   3
  3.147723e-01   1.353535e-23   5.994218e-09   1.099688e-24   180
  3.153841e-01   8.909300e-24   0.000000e+00   7.913571e-25   84
  3.159947e-01   1.569850e-23   5.619580e-09   1.216858e-24   96
  3.166041e-01   1.803465e-23   0.000000e+00   1.918650e-24   84
  3.172124e-01   1.230770e-23   6.882552e-09   8.657842e-25   192
  3.178195e-01   1.747775e-23   0.000000e+00   1.737169e-24   72
  3.190302e-01   1.075625e-23   6.422377e-09   1.029256e-24   84
  3.196339e-01   2.173292e-23   0.000000e+00   2.595148e-24   84
  3.202364e-01   1.209490e-23   0.000000e+00   7.404997e-25   216
  3.208378e-01   1.127088e-23   0.000000e+00   1.651169e-24   48
  3.214381e-01   1.215991e-23   0.000000e+00   1.240603e-24   24
  3.220372e-01   1.133047e-23   0.000000e+00   7.970145e-25   240
  3.226352e-01   1.239290e-23   0.000000e+00   8.296471e-25   192
  3.238280e-01   1.888748e-23   0.000000e+00   3.154444e-24   36
  3.244227e-01   1.800217e-23   0.000000e+00   2.788695e-24   72
  3.250163e-01   1.256728e-23   0.000000e+00   1.297616e-24   132
  3.256089e-01   1.180509e-23   0.000000e+00   1.201222e-24   120
  3.262004e-01   1.071555e-23   0.000000e+00   1.089557e-24   72
  3.267908e-01   1.495402e-23   0.000000e+00   2.035971e-24   72
  3.273801e-01   1.189046e-23   1.015467e-08   8.438510e-25   168
  3.285556e-01   6.887788e-24   0.000000e+00   8.763338e-25   48
  3.291418e-01   1.182023e-23   6.477696e-09   9.001848e-25   204
  3.297269e-01   1.217421e-23   0.000000e+00   1.796827e-24   72
  3.303111e-01   1.109565e-23   0.000000e+00   1.248091e-24   72
  3.314762e-01   8.769810e-24   0.000000e+00   8.531308e-25   168
  3.320572e-01   8.167284e-24   3.746387e-09   6.151996e-25   144
  3.332162e-01   1.338961e-23   0.000000e+00   2.103992e-24   24
  3.337942e-01   6.392865e-24   3.973643e-09   6.659568e-25   96
  3.343712e-01   1.181265e-23   0.000000e+00   1.051585e-24   192
  3.349472e-01   6.991783e-24   0.000000e+00   1.037660e-24   72
  3.355222e-01   1.433854e-23   5.298191e-09   1.974753e-24   36
  3.360963e-01   9.678101e-24   7.865773e-09   9.028352e-25   168
  3.366693e-01   7.261923e-24   0.000000e+00   6.718405e-25   120
  3.378125e-01   1.077870e-23   6.882552e-09   1.125659e-24   96
  3.383827e-01   9.930939e-24   0.000000e+00   1.050770e-24   144
  3.389519e-01   7.411472e-24   0.000000e+00   1.047107e-24   48
  3.395201e-01   8.925693e-24   1.059638e-08   7.972535e-25   144
  3.400874e-01   5.944676e-24   0.000000e+00   9.325324e-25   56
  3.406537e-01   1.171149e-23   5.298191e-09   1.913634e-24   72
  3.412191e-01   5.572663e-24   3.973643e-09   6.080566e-25   96
  3.423471e-01   7.045363e-24   3.973643e-09   1.175526e-24   24
  3.429097e-01   8.050666e-24   0.000000e+00   6.658134e-25   156
  3.434714e-01   8.027823e-24   4.890638e-09   9.410713e-25   156
  3.440322e-01   8.833798e-24   3.973643e-09   1.379811e-24   48
  3.445920e-01   7.075667e-24   0.000000e+00   8.720806e-25   72
  3.451510e-01   9.481676e-24   0.000000e+00   1.202471e-24   72
  3.457090e-01   6.528883e-24   3.973643e-09   5.824059e-25   96
  3.468224e-01   7.196357e-24   0.000000e+00   8.536469e-25   48
  3.473778e-01   4.488416e-24   6.882552e-09   4.887305e-25   96
  3.479323e-01   6.514388e-24   9.990364e-09   5.406001e-25   216
  3.484859e-01   5.517665e-24   0.000000e+00   5.158075e-25   96
  3.495904e-01   7.582075e-24   0.000000e+00   7.016493e-25   96
  3.501414e-01   3.666258e-24   0.000000e+00   3.352198e-25   96
  3.512407e-01   1.227887e-23   0.000000e+00   2.848182e-24   12
  3.517891e-01   7.374761e-24   0.000000e+00   5.382977e-25   168
  3.523367e-01   5.449963e-24   0.000000e+00   5.011214e-25   96
  3.528833e-01   5.272544e-24   3.973643e-09   7.855696e-25   48
  3.534292e-01   6.564722e-24   6.488932e-09   7.478249e-25   72
  3.539742e-01   4.768771e-24   4.495664e-09   4.698562e-25   120
  3.545183e-01   5.292509e-24   7.947286e-09   3.956935e-25   192
  3.556041e-01   7.472147e-24   0.000000e+00   1.217114e-24   12
  3.561458e-01   5.555742e-24   0.000000e+00   4.557821e-25   168
  3.566867e-01   1.074953e-23   3.973643e-09   1.919283e-24   24
  3.572267e-01   4.080538e-24   0.000000e+00   5.843441e-25   72
  3.577659e-01   3.355697e-24   0.000000e+00   3.548675e-25   48
  3.583043e-01   3.815207e-24   5.619580e-09   2.952401e-25   96
  3.588419e-01   5.508941e-24   0.000000e+00   7.927886e-25   48
  3.599147e-01   8.715712e-24   5.619580e-09   1.448342e-24   24
  3.604498e-01   4.447974e-24   0.000000e+00   1.130953e-24   36
  3.609842e-01   5.621508e-24   7.078835e-09   4.887582e-25   132
  3.615178e-01   4.182316e-24   7.492773e-09   4.760027e-25   72
  3.620507e-01   8.206806e-24   0.000000e+00   1.871581e-24   24
  3.625827e-01   5.494096e-24   0.000000e+00   3.220588e-25   192
  3.631140e-01   3.776191e-24   0.000000e+00   2.892394e-25   144
  3.641741e-01   3.732808e-24   0.000000e+00   4.667412e-25   72
  3.647031e-01   4.781009e-24   0.000000e+00   6.080630e-25   72
  3.652313e-01   4.504116e-24   5.619580e-09   6.062945e-25   96
  3.657587e-01   4.998051e-24   0.000000e+00   6.703246e-25   72
  3.668112e-01   2.952645e-24   0.000000e+00   3.392310e-25   96
  3.673364e-01   3.593664e-24   0.000000e+00   3.659998e-25   144
  3.683844e-01   2.633854e-24   5.619580e-09   4.000291e-25   24
  3.689073e-01   4.172480e-24   0.000000e+00   6.586292e-25   96
  3.694295e-01   2.439606e-24   6.422377e-09   2.866688e-25   84
  3.699509e-01   4.024493e-24   0.000000e+00   3.826902e-25   96
  3.704716e-01   5.731613e-24   0.000000e+00   7.791471e-25   84
  3.709915e-01   6.554860e-24   3.973643e-09   1.167911e-24   24
  3.715108e-01   1.618697e-24   0.000000e+00   2.761923e-25   24
  3.725471e-01   3.237607e-24   0.000000e+00   4.077155e-25   72
  3.730641e-01   3.242247e-24   0.000000e+00   3.798630e-25   48
  3.736127e-01   4.036068e-24   1.248164e-04   4.276400e-25   128
  3.740961e-01   1.468881e-24   5.619580e-09   2.965632e-25   24
  3.751253e-01   2.864706e-24   5.298191e-09   2.228962e-25   144
  3.756388e-01   3.219981e-24   0.000000e+00   3.350592e-25   96
  3.771752e-01   3.130148e-24   0.000000e+00   3.193504e-25   144
  3.776859e-01   3.704236e-24   5.619580e-09   3.441711e-25   96
  3.781959e-01   1.983289e-24   7.947286e-09   2.551974e-25   96
  3.787053e-01   4.393386e-24   5.619580e-09   1.031853e-24   24
  3.792140e-01   5.625077e-24   0.000000e+00   5.672809e-25   72
  3.797219e-01   2.480354e-24   8.991328e-09   2.094528e-25   120
  3.807359e-01   2.883632e-24   5.619580e-09   4.752197e-25   48
  3.812418e-01   1.888787e-24   0.000000e+00   1.992333e-25   108
  3.817471e-01   3.808250e-24   0.000000e+00   4.825133e-25   72
  3.832590e-01   2.350991e-24   5.298191e-09   1.968040e-25   144
  3.837616e-01   2.134589e-24   5.619580e-09   2.690348e-25   48
  3.847649e-01   2.806824e-24   5.619580e-09   7.239611e-25   12
  3.855656e-01   2.584717e-24   2.449590e-04   1.945208e-25   120
  3.862650e-01   2.366743e-24   5.619580e-09   5.598480e-25   48
  3.867637e-01   8.580966e-25   5.619580e-09   1.320159e-25   24
  3.872618e-01   1.417942e-24   9.733398e-09   2.355236e-25   96
  3.877593e-01   1.517817e-24   0.000000e+00   1.400017e-25   96
  3.887523e-01   3.098701e-24   7.492773e-09   3.894111e-25   36
  3.892478e-01   2.324940e-24   0.000000e+00   2.802936e-25   48
  3.897427e-01   1.809811e-24   0.000000e+00   1.732022e-25   120
  3.902370e-01   2.362870e-24   0.000000e+00   2.386049e-25   96
  3.907307e-01   1.857090e-24   0.000000e+00   2.587656e-25   48
  3.917161e-01   2.061450e-24   0.000000e+00   2.152488e-25   96
  3.931451e-01   2.939779e-24   1.410282e-04   2.692643e-25   132
  3.936796e-01   2.074803e-24   0.000000e+00   2.749405e-25   48
  3.941690e-01   2.997401e-24   0.000000e+00   3.453273e-25   48
  3.946577e-01   1.380216e-24   0.000000e+00   1.436784e-25   72
  3.951458e-01   2.526929e-24   0.000000e+00   2.913428e-25   72
  3.956334e-01   1.377546e-24   5.619580e-09   2.366861e-25   48
  3.966066e-01   2.671649e-24   0.000000e+00   5.046711e-25   24
  3.970924e-01   2.578103e-24   5.619580e-09   4.800327e-25   48
  3.975775e-01   2.269420e-24   9.733398e-09   2.033947e-25   96
  3.980621e-01   7.797039e-25   0.000000e+00   2.325621e-25   24
  3.990294e-01   1.341492e-24   0.000000e+00   1.628079e-25   72
  3.995122e-01   1.191761e-24   0.000000e+00   1.346646e-25   48
  4.004761e-01   2.920473e-24   5.619580e-09   7.562913e-25   24
  4.009571e-01   1.534781e-24   0.000000e+00   1.720721e-25   72
  4.014376e-01   1.487851e-24   0.000000e+00   1.638269e-25   60
  4.019175e-01   1.239871e-24   5.298191e-09   1.401562e-25   72
  4.023968e-01   1.904706e-24   0.000000e+00   2.814063e-25   24
  4.028756e-01   1.320523e-24   0.000000e+00   2.591743e-25   72
  4.033538e-01   2.378363e-24   9.733398e-09   3.328134e-25   48
  4.047849e-01   1.735134e-24   7.064254e-09   1.416413e-25   108
  4.052609e-01   2.617469e-24   0.000000e+00   5.312875e-25   48
  4.057363e-01   9.508694e-25   5.619580e-09   1.002631e-25   48
  4.062111e-01   9.265679e-25   0.000000e+00   1.681014e-25   24
  4.066854e-01   1.371753e-24   7.492773e-09   2.244353e-25   72
  4.071591e-01   1.598127e-24   0.000000e+00   2.191892e-25   96
  4.085095e-01   9.469881e-25   1.651903e-04   1.295530e-25   56
  4.090485e-01   1.660849e-24   0.000000e+00   3.007781e-25   72
  4.099899e-01   1.699906e-24   0.000000e+00   3.142091e-25   24
  4.104598e-01   1.464703e-24   0.000000e+00   2.044632e-25   72
  4.109291e-01   5.383466e-25   5.619580e-09   8.279042e-26   48
  4.121469e-01   1.485063e-24   2.291567e-04   1.566711e-25   120
  4.132680e-01   7.441851e-25   5.619580e-09   8.939903e-26   48
  4.146649e-01   7.655665e-25   0.000000e+00   6.587093e-26   144
  4.160572e-01   9.709124e-25   5.619580e-09   1.816609e-25   24
  4.165203e-01   1.058644e-24   0.000000e+00   9.670545e-26   84
  4.169828e-01   1.568119e-24   0.000000e+00   3.558065e-25   24
  4.174448e-01   1.324815e-24   5.619580e-09   3.666831e-25   12
  4.179064e-01   2.488515e-24   7.947286e-09   5.202215e-25   24
  4.183674e-01   1.590842e-24   0.000000e+00   2.178581e-25   24
  4.195385e-01   1.127219e-24   2.287955e-04   1.466126e-25   132
  4.202064e-01   8.946923e-25   5.298191e-09   1.098175e-25   72
  4.206649e-01   1.061795e-24   5.619580e-09   1.921729e-25   48
  4.215803e-01   1.352986e-24   0.000000e+00   1.431476e-25   96
  4.229499e-01   1.203238e-24   0.000000e+00   1.807933e-25   24
  4.234054e-01   3.704881e-25   0.000000e+00   4.574526e-26   48
  4.238604e-01   9.942106e-25   0.000000e+00   1.563368e-25   24
  4.243149e-01   3.673346e-25   0.000000e+00   6.695203e-26   24
  4.247690e-01   8.694483e-25   0.000000e+00   1.588106e-25   24
  4.252226e-01   6.463080e-25   0.000000e+00   9.185372e-26   48
  4.256757e-01   6.179083e-25   7.947286e-09   8.464798e-26   48
  4.270320e-01   2.421979e-25   7.947286e-09   3.498437e-26   24
  4.274832e-01   1.153079e-24   0.000000e+00   1.784741e-25   24
  4.279339e-01   8.128578e-25   0.000000e+00   9.687174e-26   72
  4.288339e-01   1.248804e-24   5.619580e-09   1.755352e-25   48
  4.306282e-01   1.179914e-24   0.000000e+00   1.771915e-25   36
  4.310756e-01   6.464753e-25   5.619580e-09   9.534552e-26   48
  4.319690e-01   2.718678e-25   0.000000e+00   5.011761e-26   24
  4.324150e-01   7.823229e-25   7.492773e-09   1.192333e-25   72
  4.328606e-01   3.717480e-25   0.000000e+00   4.920183e-26   72
  4.337503e-01   9.887639e-25   0.000000e+00   2.089732e-25   24
  4.345273e-01   6.102071e-25   1.921429e-04   6.427890e-26   96
  4.355244e-01   4.114505e-25   0.000000e+00   6.974227e-26   24
  4.364087e-01   3.231448e-25   0.000000e+00   5.595564e-26   48
  4.377318e-01   1.612721e-24   0.000000e+00   3.454175e-25   24
  4.381719e-01   5.732287e-25   5.619580e-09   1.501079e-25   12
  4.386117e-01   5.142503e-25   5.619580e-09   1.188185e-25   24
  4.390509e-01   4.647619e-25   0.000000e+00   9.438320e-26   24
  4.397820e-01   4.068513e-25   2.066609e-04   4.297055e-26   72
  4.416774e-01   1.036998e-24   5.619580e-09   1.517293e-25   48
  4.421136e-01   1.328518e-25   0.000000e+00   2.914275e-26   8
  4.429848e-01   2.293606e-25   7.947286e-09   4.814242e-26   48
  4.446991e-01   6.548001e-25   9.683574e-05   1.772347e-25   57
  4.451552e-01   5.981198e-25   0.000000e+00   9.827721e-26   24
  4.455880e-01   2.253067e-25   5.619580e-09   2.359983e-26   48
  4.460204e-01   4.707351e-25   1.101208e-08   6.839637e-26   30
  4.464524e-01   1.064394e-24   0.000000e+00   1.362484e-25   24
  4.481762e-01   5.030726e-25   4.890638e-09   9.472415e-26   78
  4.498933e-01   5.320149e-25   0.000000e+00   7.198161e-26   24
  4.511769e-01   1.936781e-24   0.000000e+00   3.486840e-25   6
  4.520306e-01   5.143199e-25   0.000000e+00   8.172452e-26   24
  4.524568e-01   3.120714e-25   0.000000e+00   4.548739e-26   24
  4.535206e-01   3.073706e-25   2.125214e-04   3.995817e-26   48
  4.545821e-01   2.511287e-25   0.000000e+00   3.840399e-26   24
  4.550059e-01   7.987349e-25   0.000000e+00   3.023355e-25   6
  4.554294e-01   1.802941e-25   0.000000e+00   2.041888e-26   48
  4.571193e-01   1.809189e-25   5.619580e-09   2.394392e-26   48
  4.579619e-01   2.490578e-25   0.000000e+00   4.384504e-26   12
  4.583826e-01   4.261170e-25   7.947286e-09   5.658934e-26   24
  4.588030e-01   2.090028e-25   0.000000e+00   5.005970e-26   24
  4.596425e-01   4.969110e-25   0.000000e+00   1.417620e-25   6
  4.604805e-01   1.870942e-25   0.000000e+00   2.748859e-26   24
  4.613170e-01   2.169593e-25   5.619580e-09   3.550904e-26   24
  4.652466e-01   2.435898e-25   2.058721e-04   3.509570e-26   54
  4.658907e-01   1.307285e-25   0.000000e+00   3.146020e-26   24
  4.667175e-01   1.221144e-25   0.000000e+00   1.524546e-26   48
  4.683667e-01   1.240418e-25   0.000000e+00   2.273356e-26   24
  4.691891e-01   1.670712e-25   0.000000e+00   3.259237e-26   24
  4.700101e-01   1.910631e-25   9.733398e-09   4.031238e-26   24
  4.712389e-01   2.975399e-25   5.619580e-09   5.392813e-26   6
  4.732798e-01   2.089163e-25   7.947286e-09   3.864588e-26   24
  4.761223e-01   3.874443e-26   0.000000e+00   8.457561e-27   8
  4.769314e-01   7.118811e-26   0.000000e+00   9.749010e-27   48
  4.781424e-01   2.458803e-25   7.947286e-09   5.543370e-26   6
  4.785454e-01   1.169791e-25   0.000000e+00   1.670450e-26   36
  4.793503e-01   1.400386e-25   5.619580e-09   1.913048e-26   24
  4.817571e-01   1.127112e-25   7.947286e-09   1.771470e-26   24
  4.857419e-01   3.278974e-25   0.000000e+00   1.229783e-25   6
  4.877221e-01   1.062951e-25   0.000000e+00   1.253813e-26   24
  4.885120e-01   4.304465e-26   0.000000e+00   1.090238e-26   24
  4.893005e-01   5.520627e-26   0.000000e+00   5.769546e-27   24
  4.908739e-01   9.818781e-26   0.000000e+00   1.515391e-26   24
  4.940055e-01   4.788445e-26   1.123916e-08   1.856337e-26   6
  4.990524e-01   3.351433e-26   5.619580e-09   9.064608e-27   24
  4.998243e-01   4.759206e-26   0.000000e+00   7.509477e-27   12
  5.005951e-01   1.028829e-25   7.947286e-09   1.776806e-26   24
  5.029002e-01   4.019999e-26   0.000000e+00   1.154650e-26   6
  5.101311e-01   4.792187e-26   0.000000e+00   1.822969e-26   8
  5.108863e-01   3.595463e-26   5.619580e-09   8.685157e-27   24
  5.123933e-01   1.168552e-25   0.000000e+00   5.157394e-26   6
  5.217137e-01   2.369098e-26   0.000000e+00   6.094499e-27   12
  5.224521e-01   4.510213e-26   0.000000e+00   1.269090e-26   6
  5.330447e-01   1.341548e-26   0.000000e+00   3.216464e-27   6
