# power spectrum of B
# redshift z=1.000000
# k              Pk             sigma(k)       sigma(Pk)      count
  1.963495e-02   2.173959e-16   0.000000e+00   2.542500e-17   6
  2.776802e-02   1.954961e-16   0.000000e+00   2.566382e-17   12
  3.400874e-02   1.392452e-16   3.725290e-10   5.222934e-17   8
  3.926991e-02   1.563103e-16   0.000000e+00   3.361762e-17   6
  4.390509e-02   2.337868e-16   0.000000e+00   3.235131e-17   24
  4.809562e-02   1.250789e-16   7.024475e-10   1.171053e-17   24
  5.553604e-02   1.094079e-16   0.000000e+00   1.510405e-17   12
  5.890486e-02   1.426525e-16   7.947286e-10   2.561020e-17   30
  6.209118e-02   1.371407e-16   0.000000e+00   1.413703e-17   24
  6.512178e-02   1.982117e-16   1.216675e-09   3.039960e-17   24
  6.801748e-02   1.201383e-16   7.450581e-10   2.831336e-17   8
  7.079483e-02   8.116789e-17   9.934107e-10   1.016288e-17   24
  7.346727e-02   1.190424e-16   0.000000e+00   1.094955e-17   48
  7.853982e-02   1.059705e-16   0.000000e+00   7.561241e-18   6
  8.095699e-02   1.033118e-16   1.404895e-09   1.005529e-17   48
  8.330406e-02   1.156908e-16   0.000000e+00   8.982883e-18   36
  8.558678e-02   5.281984e-17   9.934107e-10   7.927601e-18   24
  8.781018e-02   9.244047e-17   0.000000e+00   1.456577e-17   24
  8.997866e-02   6.930172e-17   0.000000e+00   5.651864e-18   48
  9.209610e-02   4.612167e-17   1.404895e-09   4.955559e-18   24
  9.619124e-02   4.695028e-17   1.404895e-09   7.134627e-18   24
  9.817477e-02   5.990484e-17   0.000000e+00   7.015899e-18   30
  1.001190e-01   6.507009e-17   0.000000e+00   5.144390e-18   72
  1.020262e-01   9.468547e-17   1.490116e-09   1.200223e-17   32
  1.057375e-01   6.225866e-17   0.000000e+00   4.744072e-18   72
  1.075451e-01   5.379883e-17   0.000000e+00   6.041270e-18   48
  1.110721e-01   1.908120e-17   0.000000e+00   2.377709e-18   12
  1.127942e-01   4.092732e-17   0.000000e+00   3.061835e-18   48
  1.144905e-01   3.785790e-17   0.000000e+00   3.864433e-18   48
  1.161620e-01   3.523223e-17   1.404895e-09   3.080524e-18   48
  1.178097e-01   3.842858e-17   1.589457e-09   3.325106e-18   30
  1.194348e-01   4.248437e-17   1.404895e-09   8.027825e-18   24
  1.210380e-01   3.982392e-17   2.961779e-09   3.697588e-18   72
  1.241824e-01   5.196780e-17   0.000000e+00   7.177344e-18   24
  1.257251e-01   3.760304e-17   0.000000e+00   2.435133e-18   96
  1.272490e-01   3.153053e-17   0.000000e+00   2.924439e-18   48
  1.287550e-01   3.468118e-17   2.433349e-09   2.788651e-18   24
  1.302436e-01   3.832227e-17   2.433349e-09   5.729114e-18   24
  1.317153e-01   3.222916e-17   0.000000e+00   3.246415e-18   72
  1.331707e-01   3.344278e-17   0.000000e+00   3.092667e-18   48
  1.360350e-01   2.304592e-17   1.490116e-09   1.484924e-18   8
  1.374447e-01   2.677794e-17   1.766064e-09   3.662745e-18   54
  1.388401e-01   2.493129e-17   0.000000e+00   2.289421e-18   84
  1.402216e-01   2.935528e-17   0.000000e+00   2.313123e-18   48
  1.415897e-01   3.544676e-17   1.986821e-09   3.264549e-18   24
  1.429446e-01   2.832803e-17   1.873193e-09   1.934327e-18   72
  1.442869e-01   2.555379e-17   0.000000e+00   1.967880e-18   96
  1.469345e-01   1.170405e-17   0.000000e+00   1.239410e-18   48
  1.482407e-01   1.938463e-17   0.000000e+00   1.728881e-18   48
  1.495354e-01   2.058749e-17   1.986821e-09   2.910335e-18   24
  1.508189e-01   2.122990e-17   0.000000e+00   1.696061e-18   72
  1.533539e-01   1.513917e-17   1.873193e-09   1.289297e-18   72
  1.546058e-01   1.654205e-17   0.000000e+00   1.151315e-18   96
  1.570796e-01   3.050259e-17   0.000000e+00   4.879129e-18   6
  1.583021e-01   1.895697e-17   0.000000e+00   1.462065e-18   96
  1.595151e-01   1.505395e-17   1.986821e-09   1.268555e-18   96
  1.607190e-01   1.321768e-17   0.000000e+00   2.518995e-18   24
  1.619140e-01   1.403712e-17   2.809790e-09   1.350867e-18   48
  1.631002e-01   1.330142e-17   0.000000e+00   9.435782e-19   96
  1.642778e-01   1.081967e-17   0.000000e+00   8.721612e-19   48
  1.666081e-01   1.451377e-17   0.000000e+00   2.662474e-18   36
  1.677611e-01   1.552201e-17   3.441276e-09   1.656750e-18   48
  1.689063e-01   1.475287e-17   3.893359e-09   1.018764e-18   120
  1.700437e-01   9.508041e-18   0.000000e+00   8.915056e-19   56
  1.711736e-01   9.653615e-18   1.986821e-09   6.809378e-19   24
  1.722960e-01   1.124033e-17   0.000000e+00   9.772241e-19   96
  1.734112e-01   9.009813e-18   0.000000e+00   1.219583e-18   48
  1.756204e-01   1.905093e-17   0.000000e+00   3.036043e-18   24
  1.767146e-01   1.164174e-17   0.000000e+00   1.168401e-18   102
  1.778021e-01   1.190690e-17   0.000000e+00   1.399987e-18   48
  1.788829e-01   1.112158e-17   0.000000e+00   1.464894e-18   72
  1.799573e-01   1.016802e-17   0.000000e+00   1.654634e-18   48
  1.810253e-01   1.159795e-17   0.000000e+00   1.179099e-18   48
  1.820871e-01   1.108166e-17   4.495664e-09   1.070654e-18   120
  1.841922e-01   3.419734e-18   2.809790e-09   4.917805e-19   24
  1.852358e-01   8.604470e-18   2.649095e-09   5.806652e-19   144
  1.862735e-01   7.792529e-18   3.178914e-09   6.002215e-19   120
  1.873055e-01   1.162766e-17   2.809790e-09   1.224750e-18   48
  1.893526e-01   8.050863e-18   2.809790e-09   7.294930e-19   48
  1.903679e-01   7.974600e-18   2.809790e-09   6.847460e-19   96
  1.923825e-01   7.229041e-18   2.809790e-09   1.109435e-18   24
  1.933819e-01   5.015963e-18   0.000000e+00   8.701890e-19   48
  1.943761e-01   6.697512e-18   3.532127e-09   4.840191e-19   108
  1.953653e-01   6.065213e-18   0.000000e+00   5.800239e-19   72
  1.963495e-01   7.530142e-18   0.000000e+00   1.649887e-18   30
  1.973288e-01   7.392148e-18   0.000000e+00   5.876037e-19   168
  1.983033e-01   1.202989e-17   0.000000e+00   1.958867e-18   48
  2.002380e-01   8.824302e-18   0.000000e+00   7.707705e-19   72
  2.011984e-01   8.950385e-18   0.000000e+00   9.425793e-19   96
  2.021542e-01   6.610978e-18   5.298191e-09   4.823755e-19   72
  2.031055e-01   6.396119e-18   0.000000e+00   5.725503e-19   72
  2.040524e-01   1.192561e-17   2.980232e-09   1.923662e-18   32
  2.049949e-01   7.196898e-18   2.649095e-09   7.794675e-19   72
  2.059331e-01   7.110433e-18   3.746387e-09   5.779816e-19   144
  2.087224e-01   6.759443e-18   6.282881e-09   5.662833e-19   96
  2.096439e-01   3.732470e-18   0.000000e+00   2.961323e-19   96
  2.105614e-01   5.164658e-18   0.000000e+00   4.877463e-19   48
  2.114749e-01   4.790629e-18   0.000000e+00   5.010470e-19   72
  2.123845e-01   5.787867e-18   0.000000e+00   4.845506e-19   120
  2.132902e-01   5.255487e-18   0.000000e+00   5.517562e-19   72
  2.150901e-01   6.861867e-18   0.000000e+00   5.673484e-19   48
  2.159845e-01   3.767508e-18   4.235416e-09   3.463868e-19   78
  2.168752e-01   4.893307e-18   3.178914e-09   6.815867e-19   120
  2.177622e-01   9.943344e-18   3.973643e-09   1.601231e-18   48
  2.195255e-01   4.593170e-18   3.746387e-09   3.820465e-19   144
  2.204018e-01   8.318513e-18   3.746387e-09   7.415540e-19   144
  2.221441e-01   1.830459e-18   0.000000e+00   3.682602e-19   12
  2.230102e-01   4.470207e-18   0.000000e+00   4.087054e-19   144
  2.238729e-01   5.676234e-18   4.866699e-09   6.379626e-19   48
  2.247323e-01   5.454423e-18   3.178914e-09   4.460769e-19   120
  2.255884e-01   3.040593e-18   0.000000e+00   2.947214e-19   48
  2.264413e-01   1.997990e-18   0.000000e+00   1.767305e-19   48
  2.272910e-01   4.423076e-18   0.000000e+00   3.177811e-19   168
  2.289809e-01   2.857984e-18   0.000000e+00   2.531906e-19   48
  2.298212e-01   4.402528e-18   2.809790e-09   4.074631e-19   96
  2.306585e-01   3.482341e-18   2.809790e-09   3.430836e-19   96
  2.314927e-01   3.080903e-18   0.000000e+00   3.063284e-19   72
  2.323239e-01   3.079919e-18   2.809790e-09   3.760858e-19   48
  2.331522e-01   4.151652e-18   0.000000e+00   3.215543e-19   96
  2.339775e-01   1.510575e-18   0.000000e+00   1.415500e-19   48
  2.356194e-01   2.949106e-18   3.178914e-09   8.710571e-19   30
  2.364362e-01   4.608861e-18   2.809790e-09   7.454361e-19   96
  2.372501e-01   3.830277e-18   0.000000e+00   3.774511e-19   192
  2.380612e-01   3.449453e-18   3.973643e-09   3.126730e-19   48
  2.380612e-01   1.349079e-18   0.000000e+00   4.153640e-19   8
  2.388695e-01   9.104100e-18   2.809790e-09   2.404464e-18   24
  2.396752e-01   3.696158e-18   0.000000e+00   3.739290e-19   168
  2.404781e-01   2.928863e-18   0.000000e+00   1.893540e-19   120
  2.420760e-01   4.042117e-18   5.923557e-09   4.650782e-19   72
  2.428710e-01   3.540116e-18   3.746387e-09   4.513389e-19   144
  2.436634e-01   4.569824e-18   0.000000e+00   5.859639e-19   96
  2.444532e-01   2.045037e-18   0.000000e+00   2.199239e-19   96
  2.460253e-01   5.670466e-18   4.588368e-09   5.995522e-19   72
  2.468075e-01   1.993041e-18   3.973643e-09   1.647236e-19   96
  2.483647e-01   3.708874e-18   0.000000e+00   4.692856e-19   24
  2.491396e-01   2.570096e-18   0.000000e+00   1.716793e-19   192
  2.499122e-01   2.159074e-18   3.532127e-09   1.831114e-19   108
  2.506823e-01   1.108601e-18   0.000000e+00   1.140481e-19   24
  2.514501e-01   2.803355e-18   0.000000e+00   2.842218e-19   96
  2.522156e-01   1.533894e-18   0.000000e+00   1.134622e-19   96
  2.529787e-01   1.146219e-18   3.178914e-09   8.866170e-20   120
  2.544981e-01   8.874954e-19   0.000000e+00   7.517760e-20   48
  2.552544e-01   4.511025e-18   5.989783e-09   4.365296e-19   78
  2.560085e-01   3.033096e-18   0.000000e+00   2.998468e-19   144
  2.567603e-01   2.919929e-18   0.000000e+00   2.965507e-19   120
  2.575100e-01   1.210945e-18   4.866699e-09   2.044584e-19   24
  2.582575e-01   3.556278e-18   0.000000e+00   3.773660e-19   168
  2.590028e-01   4.335598e-18   0.000000e+00   7.137067e-19   144
  2.604871e-01   2.199259e-18   4.866699e-09   2.695311e-19   24
  2.612261e-01   3.746808e-18   0.000000e+00   7.272208e-19   48
  2.619630e-01   3.000569e-18   2.809790e-09   3.025929e-19   96
  2.626978e-01   3.274231e-18   0.000000e+00   3.328840e-19   120
  2.634306e-01   1.228377e-18   0.000000e+00   1.562513e-19   72
  2.641613e-01   1.317118e-18   4.495664e-09   1.239475e-19   120
  2.648900e-01   2.787051e-18   0.000000e+00   2.433355e-19   144
  2.663415e-01   1.842870e-18   0.000000e+00   2.093370e-19   48
  2.670642e-01   1.796564e-18   5.619580e-09   1.674392e-19   192
  2.677851e-01   2.093199e-18   0.000000e+00   2.233779e-19   144
  2.685040e-01   2.830540e-18   0.000000e+00   4.609550e-19   48
  2.699360e-01   1.867513e-18   0.000000e+00   1.794173e-19   192
  2.706492e-01   7.314506e-19   0.000000e+00   7.760004e-20   48
  2.720699e-01   3.251637e-19   2.980232e-09   8.712851e-20   8
  2.727775e-01   1.040115e-18   3.973643e-09   9.880445e-20   48
  2.734833e-01   1.524429e-18   8.991328e-09   1.158821e-19   240
  2.741872e-01   1.856238e-18   0.000000e+00   2.277130e-19   96
  2.748894e-01   1.508924e-18   3.532127e-09   2.969121e-19   54
  2.755897e-01   2.366250e-18   0.000000e+00   3.619593e-19   120
  2.762883e-01   2.415159e-18   3.178914e-09   2.917019e-19   120
  2.776802e-01   2.654214e-18   0.000000e+00   4.998155e-19   84
  2.783735e-01   2.959312e-18   0.000000e+00   2.957804e-19   144
  2.790651e-01   9.340327e-19   3.746387e-09   7.552841e-20   72
  2.797550e-01   1.444831e-18   0.000000e+00   1.221373e-19   96
  2.804432e-01   4.454040e-18   0.000000e+00   9.261573e-19   48
  2.811298e-01   2.430713e-18   0.000000e+00   4.519768e-19   96
  2.818146e-01   1.696069e-18   4.495664e-09   1.513908e-19   240
  2.831793e-01   8.726582e-19   3.973643e-09   1.251946e-19   24
  2.838592e-01   1.605998e-18   0.000000e+00   1.576489e-19   240
  2.845375e-01   9.188344e-19   5.619580e-09   9.431379e-20   96
  2.852142e-01   4.660912e-19   0.000000e+00   3.510713e-20   72
  2.858892e-01   1.850474e-18   3.746387e-09   2.671804e-19   72
  2.865627e-01   2.587836e-18   0.000000e+00   3.269988e-19   96
  2.872346e-01   2.336233e-18   0.000000e+00   2.711443e-19   72
  2.885737e-01   1.946375e-18   0.000000e+00   2.244641e-19   96
  2.892409e-01   4.367211e-19   3.973643e-09   4.416492e-20   96
  2.899066e-01   5.980048e-19   7.786718e-09   4.317755e-20   120
  2.905708e-01   7.156702e-19   3.973643e-09   6.043813e-20   96
  2.918946e-01   1.159777e-18   0.000000e+00   9.891101e-20   192
  2.925542e-01   1.161467e-18   3.746387e-09   8.001331e-20   144
  2.938691e-01   5.789708e-19   0.000000e+00   7.842990e-20   48
  2.945243e-01   1.145142e-18   6.229375e-09   1.037512e-19   150
  2.951781e-01   1.681578e-18   5.619580e-09   3.373784e-19   96
  2.958304e-01   1.545098e-18   7.108269e-09   2.348547e-19   120
  2.964813e-01   1.134567e-18   0.000000e+00   1.657880e-19   48
  2.971308e-01   1.129538e-18   5.506041e-09   1.768640e-19   120
  2.977788e-01   1.441659e-18   0.000000e+00   1.305212e-19   240
  2.990707e-01   1.982680e-18   3.973643e-09   2.585730e-19   24
  2.997146e-01   1.170082e-18   0.000000e+00   1.380448e-19   144
  3.003570e-01   9.158964e-19   7.064254e-09   1.226472e-19   216
  3.009981e-01   5.004829e-18   0.000000e+00   4.583563e-19   48
  3.016379e-01   7.966172e-19   0.000000e+00   7.305442e-20   72
  3.022763e-01   7.213227e-19   0.000000e+00   6.095180e-20   144
  3.029133e-01   1.884206e-18   0.000000e+00   2.351862e-19   96
  3.048165e-01   1.035050e-18   0.000000e+00   1.351548e-19   144
  3.054482e-01   1.215771e-18   0.000000e+00   1.413667e-19   132
  3.060786e-01   8.216859e-19   0.000000e+00   1.109060e-19   104
  3.067078e-01   2.944822e-19   3.746387e-09   2.889093e-20   72
  3.073356e-01   8.987425e-19   6.422377e-09   8.706660e-20   168
  3.079622e-01   5.528528e-19   0.000000e+00   5.038096e-20   144
  3.092116e-01   5.393679e-19   0.000000e+00   4.045737e-20   96
  3.098343e-01   3.580124e-19   0.000000e+00   3.149330e-20   144
  3.104559e-01   7.996946e-19   0.000000e+00   7.852245e-20   144
  3.110762e-01   6.764843e-19   9.082613e-09   6.825169e-20   168
  3.123131e-01   2.375582e-19   0.000000e+00   2.326303e-20   48
  3.129297e-01   7.565999e-19   3.973643e-09   5.894400e-20   192
  3.141593e-01   2.655857e-18   0.000000e+00   3.352167e-19   3
  3.147723e-01   7.142512e-19   5.994218e-09   9.847195e-20   180
  3.153841e-01   6.335228e-19   0.000000e+00   1.101324e-19   84
  3.159947e-01   8.474622e-19   5.619580e-09   8.330335e-20   96
  3.166041e-01   9.437860e-19   0.000000e+00   2.370602e-19   84
  3.172124e-01   1.124565e-18   6.882552e-09   1.434526e-19   192
  3.178195e-01   7.181054e-19   0.000000e+00   7.920014e-20   72
  3.190302e-01   6.897296e-19   6.422377e-09   1.391823e-19   84
  3.196339e-01   1.316687e-18   0.000000e+00   1.535465e-19   84
  3.202364e-01   6.623935e-19   0.000000e+00   7.330399e-20   216
  3.208378e-01   1.853550e-19   0.000000e+00   1.886602e-20   48
  3.214381e-01   3.783487e-19   0.000000e+00   3.202700e-20   24
  3.220372e-01   4.828619e-19   0.000000e+00   6.758299e-20   240
  3.226352e-01   4.101778e-19   0.000000e+00   3.875835e-20   192
  3.238280e-01   6.664552e-19   0.000000e+00   1.731428e-19   36
  3.244227e-01   1.091284e-18   0.000000e+00   1.953194e-19   72
  3.250163e-01   5.189211e-19   0.000000e+00   8.071704e-20   132
  3.256089e-01   5.610414e-19   0.000000e+00   4.918679e-20   120
  3.262004e-01   1.370766e-18   0.000000e+00   2.751286e-19   72
  3.267908e-01   5.096198e-19   0.000000e+00   5.165737e-20   72
  3.273801e-01   2.945889e-19   1.015467e-08   1.977927e-20   168
  3.285556e-01   1.413751e-19   0.000000e+00   1.154917e-20   48
  3.291418e-01   4.728954e-19   6.477696e-09   5.642332e-20   204
  3.297269e-01   7.824018e-19   0.000000e+00   1.592663e-19   72
  3.303111e-01   4.639764e-19   0.000000e+00   5.224732e-20   72
  3.314762e-01   3.564121e-19   0.000000e+00   5.663305e-20   168
  3.320572e-01   2.559582e-19   3.746387e-09   2.035677e-20   144
  3.332162e-01   8.974395e-19   0.000000e+00   2.854109e-19   24
  3.337942e-01   1.941099e-19   3.973643e-09   2.312482e-20   96
  3.343712e-01   4.273195e-19   0.000000e+00   3.802415e-20   192
  3.349472e-01   1.666761e-19   0.000000e+00   1.510504e-20   72
  3.355222e-01   3.772898e-19   5.298191e-09   6.792030e-20   36
  3.360963e-01   3.122389e-19   7.865773e-09   3.106506e-20   168
  3.366693e-01   1.498942e-19   0.000000e+00   1.176085e-20   120
  3.378125e-01   3.365904e-19   6.882552e-09   4.021734e-20   96
  3.383827e-01   3.895208e-19   0.000000e+00   4.307480e-20   144
  3.389519e-01   2.829272e-19   0.000000e+00   3.398583e-20   48
  3.395201e-01   1.761040e-19   1.059638e-08   1.300808e-20   144
  3.400874e-01   1.762505e-19   0.000000e+00   1.960833e-20   56
  3.406537e-01   3.286790e-19   5.298191e-09   5.269656e-20   72
  3.412191e-01   1.163569e-19   3.973643e-09   1.117315e-20   96
  3.423471e-01   8.250486e-20   3.973643e-09   9.723455e-21   24
  3.429097e-01   2.304286e-19   0.000000e+00   1.756053e-20   156
  3.434714e-01   2.595109e-19   4.890638e-09   3.023596e-20   156
  3.440322e-01   2.372989e-19   3.973643e-09   2.749705e-20   48
  3.445920e-01   2.238142e-19   0.000000e+00   3.948645e-20   72
  3.451510e-01   3.359812e-19   0.000000e+00   4.606767e-20   72
  3.457090e-01   2.076379e-19   3.973643e-09   1.586133e-20   96
  3.468224e-01   1.293411e-19   0.000000e+00   9.991836e-21   48
  3.473778e-01   1.193996e-19   6.882552e-09   7.847870e-21   96
  3.479323e-01   1.950260e-19   9.990364e-09   2.412352e-20   216
  3.484859e-01   1.550620e-19   0.000000e+00   1.781721e-20   96
  3.495904e-01   2.142393e-19   0.000000e+00   2.492771e-20   96
  3.501414e-01   1.090067e-19   0.000000e+00   8.985834e-21   96
  3.512407e-01   4.499241e-19   0.000000e+00   1.424891e-19   12
  3.517891e-01   2.006574e-19   0.000000e+00   1.843663e-20   168
  3.523367e-01   1.344540e-19   0.000000e+00   1.390347e-20   96
  3.528833e-01   7.734196e-20   3.973643e-09   9.909357e-21   48
  3.534292e-01   2.082056e-19   6.488932e-09   3.004944e-20   72
  3.539742e-01   1.074036e-19   4.495664e-09   8.264707e-21   120
  3.545183e-01   1.205948e-19   7.947286e-09   7.164573e-21   192
  3.556041e-01   2.431104e-19   0.000000e+00   5.193957e-20   12
  3.561458e-01   1.176024e-19   0.000000e+00   8.542795e-21   168
  3.566867e-01   4.326291e-19   3.973643e-09   4.184850e-20   24
  3.572267e-01   1.165895e-19   0.000000e+00   1.188065e-20   72
  3.577659e-01   9.535456e-20   0.000000e+00   9.344171e-21   48
  3.583043e-01   7.075849e-20   5.619580e-09   4.893274e-21   96
  3.588419e-01   1.925830e-19   0.000000e+00   2.157662e-20   48
  3.599147e-01   3.036595e-19   5.619580e-09   4.778766e-20   24
  3.604498e-01   1.279305e-19   0.000000e+00   2.807765e-20   36
  3.609842e-01   1.344997e-19   7.078835e-09   1.226552e-20   132
  3.615178e-01   5.630997e-20   7.492773e-09   5.820990e-21   72
  3.620507e-01   1.031328e-19   0.000000e+00   1.397289e-20   24
  3.625827e-01   1.245265e-19   0.000000e+00   8.724795e-21   192
  3.631140e-01   8.433057e-20   0.000000e+00   5.912829e-21   144
  3.641741e-01   6.611441e-20   0.000000e+00   7.602870e-21   72
  3.647031e-01   1.044805e-19   0.000000e+00   1.287612e-20   72
  3.652313e-01   9.835515e-20   5.619580e-09   1.051278e-20   96
  3.657587e-01   1.271893e-19   0.000000e+00   1.759564e-20   72
  3.668112e-01   5.124749e-20   0.000000e+00   4.436711e-21   96
  3.673364e-01   8.044826e-20   0.000000e+00   5.015160e-21   144
  3.683844e-01   4.211931e-20   5.619580e-09   5.198806e-21   24
  3.689073e-01   1.018310e-19   0.000000e+00   1.139510e-20   96
  3.694295e-01   7.006131e-20   6.422377e-09   8.469749e-21   84
  3.699509e-01   9.324936e-20   0.000000e+00   7.219865e-21   96
  3.704716e-01   1.155816e-19   0.000000e+00   1.178969e-20   84
  3.709915e-01   2.083862e-19   3.973643e-09   3.161410e-20   24
  3.715108e-01   5.777714e-20   0.000000e+00   8.358310e-21   24
  3.725471e-01   7.881953e-20   0.000000e+00   7.696119e-21   72
  3.730641e-01   7.347844e-20   0.000000e+00   8.392665e-21   48
  3.736127e-01   7.383560e-20   1.248164e-04   5.052728e-21   128
  3.740961e-01   4.738074e-20   5.619580e-09   7.044753e-21   24
  3.751253e-01   5.511297e-20   5.298191e-09   4.006728e-21   144
  3.756388e-01   6.589007e-20   0.000000e+00   6.008963e-21   96
  3.771752e-01   6.848135e-20   0.000000e+00   6.153442e-21   144
  3.776859e-01   7.631331e-20   5.619580e-09   5.676543e-21   96
  3.781959e-01   5.576304e-20   7.947286e-09   5.306628e-21   96
  3.787053e-01   1.175143e-19   5.619580e-09   2.396354e-20   24
  3.792140e-01   8.744962e-20   0.000000e+00   8.481923e-21   72
  3.797219e-01   5.148847e-20   8.991328e-09   3.269961e-21   120
  3.807359e-01   5.564424e-20   5.619580e-09   6.832611e-21   48
  3.812418e-01   4.139141e-20   0.000000e+00   3.702043e-21   108
  3.817471e-01   1.094308e-19   0.000000e+00   8.718581e-21   72
  3.832590e-01   5.744754e-20   5.298191e-09   4.663326e-21   144
  3.837616e-01   4.732826e-20   5.619580e-09   5.593168e-21   48
  3.847649e-01   8.162793e-20   5.619580e-09   1.063882e-20   12
  3.855656e-01   6.403916e-20   2.449590e-04   5.747201e-21   120
  3.862650e-01   3.506835e-20   5.619580e-09   3.972176e-21   48
  3.867637e-01   2.352519e-20   5.619580e-09   3.345296e-21   24
  3.872618e-01   3.755256e-20   9.733398e-09   2.738795e-21   96
  3.877593e-01   3.918951e-20   0.000000e+00   3.900024e-21   96
  3.887523e-01   6.177187e-20   7.492773e-09   7.568673e-21   36
  3.892478e-01   7.281340e-20   0.000000e+00   8.076768e-21   48
  3.897427e-01   3.819346e-20   0.000000e+00   2.907425e-21   120
  3.902370e-01   5.193377e-20   0.000000e+00   5.407393e-21   96
  3.907307e-01   3.758789e-20   0.000000e+00   6.337474e-21   48
  3.917161e-01   4.751255e-20   0.000000e+00   4.104816e-21   96
  3.931451e-01   4.877467e-20   1.410282e-04   3.636739e-21   132
  3.936796e-01   5.684303e-20   0.000000e+00   6.992365e-21   48
  3.941690e-01   4.667345e-20   0.000000e+00   5.028884e-21   48
  3.946577e-01   5.056352e-20   0.000000e+00   6.958700e-21   72
  3.951458e-01   5.361458e-20   0.000000e+00   4.668598e-21   72
  3.956334e-01   2.405934e-20   5.619580e-09   1.923909e-21   48
  3.966066e-01   3.488363e-20   0.000000e+00   4.945331e-21   24
  3.970924e-01   4.747380e-20   5.619580e-09   7.185562e-21   48
  3.975775e-01   3.683541e-20   9.733398e-09   3.154676e-21   96
  3.980621e-01   1.610781e-20   0.000000e+00   1.987454e-21   24
  3.990294e-01   3.089925e-20   0.000000e+00   3.794920e-21   72
  3.995122e-01   3.243286e-20   0.000000e+00   3.966126e-21   48
  4.004761e-01   7.303776e-20   5.619580e-09   8.163420e-21   24
  4.009571e-01   2.029256e-20   0.000000e+00   1.335757e-21   72
  4.014376e-01   3.872179e-20   0.000000e+00   4.220073e-21   60
  4.019175e-01   3.198675e-20   5.298191e-09   3.758103e-21   72
  4.023968e-01   5.825885e-20   0.000000e+00   9.807880e-21   24
  4.028756e-01   4.299952e-20   0.000000e+00   4.100303e-21   72
  4.033538e-01   4.802190e-20   9.733398e-09   6.665831e-21   48
  4.047849e-01   4.382710e-20   7.064254e-09   4.368522e-21   108
  4.052609e-01   5.905047e-20   0.000000e+00   6.543042e-21   48
  4.057363e-01   2.352198e-20   5.619580e-09   2.166878e-21   48
  4.062111e-01   2.112423e-20   0.000000e+00   3.391684e-21   24
  4.066854e-01   3.699615e-20   7.492773e-09   3.319763e-21   72
  4.071591e-01   2.989143e-20   0.000000e+00   2.075247e-21   96
  4.085095e-01   2.484881e-20   1.651903e-04   2.549776e-21   56
  4.090485e-01   2.716379e-20   0.000000e+00   2.863683e-21   72
  4.099899e-01   3.962995e-20   0.000000e+00   5.461779e-21   24
  4.104598e-01   3.987033e-20   0.000000e+00   3.554127e-21   72
  4.109291e-01   1.359483e-20   5.619580e-09   1.581017e-21   48
  4.121469e-01   2.764876e-20   2.291567e-04   2.528103e-21   120
  4.132680e-01   2.489581e-20   5.619580e-09   2.216250e-21   48
  4.146649e-01   2.451908e-20   0.000000e+00   1.637320e-21   144
  4.160572e-01   4.419735e-20   5.619580e-09   8.101680e-21   24
  4.165203e-01   3.548258e-20   0.000000e+00   3.747917e-21   84
  4.169828e-01   4.568089e-20   0.000000e+00   1.020176e-20   24
  4.174448e-01   5.339917e-20   5.619580e-09   6.734885e-21   12
  4.179064e-01   5.226489e-20   7.947286e-09   7.940430e-21   24
  4.183674e-01   4.930867e-20   0.000000e+00   1.015807e-20   24
  4.195385e-01   2.799683e-20   2.287955e-04   2.173590e-21   132
  4.202064e-01   2.524086e-20   5.298191e-09   2.573487e-21   72
  4.206649e-01   1.598082e-20   5.619580e-09   2.077965e-21   48
  4.215803e-01   2.855251e-20   0.000000e+00   3.469717e-21   96
  4.229499e-01   3.078945e-20   0.000000e+00   6.472920e-21   24
  4.234054e-01   1.259266e-20   0.000000e+00   1.183450e-21   48
  4.238604e-01   3.880348e-20   0.000000e+00   6.811518e-21   24
  4.243149e-01   1.314525e-20   0.000000e+00   2.450310e-21   24
  4.247690e-01   3.457720e-20   0.000000e+00   5.295622e-21   24
  4.252226e-01   1.246061e-20   0.000000e+00   1.235467e-21   48
  4.256757e-01   1.808006e-20   7.947286e-09   1.979765e-21   48
  4.270320e-01   1.449267e-20   7.947286e-09   2.437877e-21   24
  4.274832e-01   2.244208e-20   0.000000e+00   2.930096e-21   24
  4.279339e-01   1.652857e-20   0.000000e+00   1.540751e-21   72
  4.288339e-01   2.024349e-20   5.619580e-09   1.698191e-21   48
  4.306282e-01   2.612359e-20   0.000000e+00   2.736392e-21   36
  4.310756e-01   3.525396e-20   5.619580e-09   5.695105e-21   48
  4.319690e-01   7.407098e-21   0.000000e+00   8.596051e-22   24
  4.324150e-01   2.677244e-20   7.492773e-09   3.580402e-21   72
  4.328606e-01   1.517586e-20   0.000000e+00   1.139288e-21   72
  4.337503e-01   4.616272e-20   0.000000e+00   7.725795e-21   24
  4.345273e-01   1.806128e-20   1.921429e-04   2.066324e-21   96
  4.355244e-01   1.106820e-20   0.000000e+00   1.504419e-21   24
  4.364087e-01   1.188641e-20   0.000000e+00   1.036304e-21   48
  4.377318e-01   2.862488e-20   0.000000e+00   3.719510e-21   24
  4.381719e-01   1.715415e-20   5.619580e-09   2.182106e-21   12
  4.386117e-01   1.562081e-20   5.619580e-09   4.578133e-21   24
  4.390509e-01   1.740370e-20   0.000000e+00   2.917649e-21   24
  4.397820e-01   1.693818e-20   2.066609e-04   1.300853e-21   72
  4.416774e-01   3.222445e-20   5.619580e-09   4.828302e-21   48
  4.421136e-01   5.335683e-21   0.000000e+00   1.420865e-21   8
  4.429848e-01   8.378341e-21   7.947286e-09   7.465282e-22   48
  4.446991e-01   1.736202e-20   9.683574e-05   3.441513e-21   57
  4.451552e-01   1.981279e-20   0.000000e+00   3.355104e-21   24
  4.455880e-01   1.060252e-20   5.619580e-09   1.113492e-21   48
  4.460204e-01   2.050312e-20   1.101208e-08   2.908645e-21   30
  4.464524e-01   2.929274e-20   0.000000e+00   6.113905e-21   24
  4.481762e-01   1.307500e-20   4.890638e-09   1.189263e-21   78
  4.498933e-01   9.323280e-21   0.000000e+00   8.651268e-22   24
  4.511769e-01   1.478289e-20   0.000000e+00   1.911246e-21   6
  4.520306e-01   1.758151e-20   0.000000e+00   2.481313e-21   24
  4.524568e-01   1.268100e-20   0.000000e+00   1.670318e-21   24
  4.535206e-01   9.290473e-21   2.125214e-04   8.833030e-22   48
  4.545821e-01   6.330884e-21   0.000000e+00   8.308190e-22   24
  4.550059e-01   3.704191e-20   0.000000e+00   7.245126e-21   6
  4.554294e-01   8.157169e-21   0.000000e+00   6.907564e-22   48
  4.571193e-01   1.030590e-20   5.619580e-09   1.241962e-21   48
  4.579619e-01   7.716534e-21   0.000000e+00   1.625937e-21   12
  4.583826e-01   2.539925e-20   7.947286e-09   3.258623e-21   24
  4.588030e-01   1.002259e-20   0.000000e+00   1.500778e-21   24
  4.596425e-01   2.031758e-20   0.000000e+00   5.315183e-21   6
  4.604805e-01   7.672437e-21   0.000000e+00   9.064977e-22   24
  4.613170e-01   1.603407e-20   5.619580e-09   2.213941e-21   24
  4.652466e-01   1.026489e-20   2.058721e-04   1.239077e-21   54
  4.658907e-01   6.877479e-21   0.000000e+00   7.449287e-22   24
  4.667175e-01   8.204808e-21   0.000000e+00   7.451585e-22   48
  4.683667e-01   8.369899e-21   0.000000e+00   1.031412e-21   24
  4.691891e-01   8.007264e-21   0.000000e+00   1.035145e-21   24
  4.700101e-01   1.333219e-20   9.733398e-09   1.961633e-21   24
  4.712389e-01   1.779642e-20   5.619580e-09   2.021775e-21   6
  4.732798e-01   1.151212e-20   7.947286e-09   2.162111e-21   24
  4.761223e-01   4.259258e-21   0.000000e+00   1.308538e-21   8
  4.769314e-01   8.309875e-21   0.000000e+00   1.017454e-21   48
  4.781424e-01   2.163294e-20   7.947286e-09   2.834370e-21   6
  4.785454e-01   8.500177e-21   0.000000e+00   8.001781e-22   36
  4.793503e-01   7.580392e-21   5.619580e-09   1.201905e-21   24
  4.817571e-01   9.498122e-21   7.947286e-09   7.767405e-22   24
  4.857419e-01   2.343800e-20   0.000000e+00   6.508473e-21   6
  4.877221e-01   5.793024e-21   0.000000e+00   6.066809e-22   24
  4.885120e-01   8.018960e-21   0.000000e+00   1.046294e-21   24
  4.893005e-01   5.484112e-21   0.000000e+00   9.331829e-22   24
  4.908739e-01   5.768023e-21   0.000000e+00   3.789595e-22   24
  4.940055e-01   7.481546e-21   1.123916e-08   1.784591e-21   6
  4.990524e-01   3.840151e-21   5.619580e-09   4.391093e-22   24
  4.998243e-01   8.096226e-21   0.000000e+00   1.302449e-21   12
  5.005951e-01   6.547617e-21   7.947286e-09   8.906689e-22   24
  5.029002e-01   8.403615e-21   0.000000e+00   1.665061e-21   6
  5.101311e-01   6.454399e-21   0.000000e+00   1.319957e-21   8
  5.108863e-01   5.581086e-21   5.619580e-09   1.005583e-21   24
  5.123933e-01   4.302633e-21   0.000000e+00   9.556035e-22   6
  5.217137e-01   4.104035e-21   0.000000e+00   9.990866e-22   12
  5.224521e-01   4.389053e-21   0.000000e+00   5.632494e-22   6
  5.330447e-01   5.613426e-21   0.000000e+00   9.791174e-22   6
