# power spectrum of hij
# redshift z=3.000000
# k              Pk             sigma(k)       sigma(Pk)      count
  1.963495e-02   4.070895e-19   0.000000e+00   1.494764e-19   6
  2.776802e-02   2.591900e-19   0.000000e+00   2.336332e-20   12
  3.400874e-02   1.227278e-19   3.725290e-10   1.207495e-20   8
  3.926991e-02   9.780663e-20   0.000000e+00   1.182547e-20   6
  4.390509e-02   7.943560e-20   0.000000e+00   7.461283e-21   24
  4.809562e-02   3.500826e-20   7.024475e-10   5.998822e-21   24
  5.553604e-02   3.464733e-20   0.000000e+00   3.962408e-21   12
  5.890486e-02   1.479622e-20   7.947286e-10   1.198042e-21   30
  6.209118e-02   1.406695e-20   0.000000e+00   1.947821e-21   24
  6.512178e-02   1.653435e-20   1.216675e-09   2.239109e-21   24
  6.801748e-02   9.007041e-21   7.450581e-10   2.280845e-21   8
  7.079483e-02   8.654529e-21   9.934107e-10   1.123108e-21   24
  7.346727e-02   7.883518e-21   0.000000e+00   7.681565e-22   48
  7.853982e-02   6.947555e-21   0.000000e+00   1.186846e-21   6
  8.095699e-02   4.693042e-21   1.404895e-09   4.664673e-22   48
  8.330406e-02   5.068384e-21   0.000000e+00   5.085379e-22   36
  8.558678e-02   3.748409e-21   9.934107e-10   6.553386e-22   24
  8.781018e-02   3.864804e-21   0.000000e+00   5.688221e-22   24
  8.997866e-02   2.715032e-21   0.000000e+00   2.757954e-22   48
  9.209610e-02   3.371013e-21   1.404895e-09   4.484004e-22   24
  9.619124e-02   2.017189e-21   1.404895e-09   2.835789e-22   24
  9.817477e-02   2.608303e-21   0.000000e+00   4.328229e-22   30
  1.001190e-01   1.550239e-21   0.000000e+00   1.284306e-22   72
  1.020262e-01   1.551321e-21   1.490116e-09   1.494146e-22   32
  1.057375e-01   1.598743e-21   0.000000e+00   1.395306e-22   72
  1.075451e-01   1.285942e-21   0.000000e+00   1.271547e-22   48
  1.110721e-01   1.043890e-21   0.000000e+00   2.264157e-22   12
  1.127942e-01   8.999046e-22   0.000000e+00   6.029612e-23   48
  1.144905e-01   9.305486e-22   0.000000e+00   7.544492e-23   48
  1.161620e-01   8.479819e-22   1.404895e-09   7.732590e-23   48
  1.178097e-01   8.131636e-22   1.589457e-09   1.137935e-22   30
  1.194348e-01   7.234040e-22   1.404895e-09   6.702608e-23   24
  1.210380e-01   6.926538e-22   2.961779e-09   4.738190e-23   72
  1.241824e-01   5.277197e-22   0.000000e+00   5.672142e-23   24
  1.257251e-01   5.102096e-22   0.000000e+00   3.359816e-23   96
  1.272490e-01   5.860008e-22   0.000000e+00   4.145052e-23   48
  1.287550e-01   3.975073e-22   2.433349e-09   3.490777e-23   24
  1.302436e-01   5.125623e-22   2.433349e-09   6.562032e-23   24
  1.317153e-01   4.085431e-22   0.000000e+00   2.418525e-23   72
  1.331707e-01   4.997988e-22   0.000000e+00   3.595056e-23   48
  1.360350e-01   2.863792e-22   1.490116e-09   1.141632e-23   8
  1.374447e-01   3.167156e-22   1.766064e-09   3.758068e-23   54
  1.388401e-01   2.628332e-22   0.000000e+00   2.339373e-23   84
  1.402216e-01   2.432694e-22   0.000000e+00   2.637700e-23   48
  1.415897e-01   3.422653e-22   1.986821e-09   3.815092e-23   24
  1.429446e-01   2.506789e-22   1.873193e-09   2.865657e-23   72
  1.442869e-01   2.388876e-22   0.000000e+00   2.449409e-23   96
  1.469345e-01   2.019422e-22   0.000000e+00   1.378068e-23   48
  1.482407e-01   2.427424e-22   0.000000e+00   2.467130e-23   48
  1.495354e-01   1.587480e-22   1.986821e-09   1.826257e-23   24
  1.508189e-01   1.891977e-22   0.000000e+00   1.251740e-23   72
  1.533539e-01   1.794021e-22   1.873193e-09   1.695876e-23   72
  1.546058e-01   1.356499e-22   0.000000e+00   9.097881e-24   96
  1.570796e-01   1.710552e-22   0.000000e+00   5.623163e-23   6
  1.583021e-01   1.409613e-22   0.000000e+00   9.563453e-24   96
  1.595151e-01   1.565336e-22   1.986821e-09   1.051545e-23   96
  1.607190e-01   1.908518e-22   0.000000e+00   1.902941e-23   24
  1.619140e-01   1.526890e-22   2.809790e-09   1.599482e-23   48
  1.631002e-01   1.172651e-22   0.000000e+00   8.023634e-24   96
  1.642778e-01   9.050744e-23   0.000000e+00   6.695432e-24   48
  1.666081e-01   1.330767e-22   0.000000e+00   1.587579e-23   36
  1.677611e-01   1.136901e-22   3.441276e-09   1.076698e-23   48
  1.689063e-01   9.944295e-23   3.893359e-09   6.952682e-24   120
  1.700437e-01   9.192677e-23   0.000000e+00   6.710054e-24   56
  1.711736e-01   1.048687e-22   1.986821e-09   1.485597e-23   24
  1.722960e-01   7.838798e-23   0.000000e+00   6.523263e-24   96
  1.734112e-01   9.604019e-23   0.000000e+00   1.042874e-23   48
  1.756204e-01   9.561808e-23   0.000000e+00   1.318541e-23   24
  1.767146e-01   7.429614e-23   0.000000e+00   5.114883e-24   102
  1.778021e-01   8.591695e-23   0.000000e+00   1.005753e-23   48
  1.788829e-01   7.721291e-23   0.000000e+00   6.841572e-24   72
  1.799573e-01   6.884960e-23   0.000000e+00   7.099031e-24   48
  1.810253e-01   7.939715e-23   0.000000e+00   6.925369e-24   48
  1.820871e-01   7.684161e-23   4.495664e-09   5.996234e-24   120
  1.841922e-01   5.004373e-23   2.809790e-09   7.143905e-24   24
  1.852358e-01   6.198890e-23   2.649095e-09   3.908777e-24   144
  1.862735e-01   6.262881e-23   3.178914e-09   4.235306e-24   120
  1.873055e-01   6.727900e-23   2.809790e-09   6.107621e-24   48
  1.893526e-01   4.532824e-23   2.809790e-09   4.137467e-24   48
  1.903679e-01   5.114722e-23   2.809790e-09   3.547736e-24   96
  1.923825e-01   3.568101e-23   2.809790e-09   4.842576e-24   24
  1.933819e-01   5.051694e-23   0.000000e+00   5.614871e-24   48
  1.943761e-01   3.574374e-23   3.532127e-09   2.538165e-24   108
  1.953653e-01   4.716250e-23   0.000000e+00   3.736242e-24   72
  1.963495e-01   3.060196e-23   0.000000e+00   3.416345e-24   30
  1.973288e-01   4.094570e-23   0.000000e+00   1.929095e-24   168
  1.983033e-01   4.219365e-23   0.000000e+00   5.127039e-24   48
  2.002380e-01   4.433291e-23   0.000000e+00   3.656327e-24   72
  2.011984e-01   4.114816e-23   0.000000e+00   2.804958e-24   96
  2.021542e-01   3.881978e-23   5.298191e-09   2.534341e-24   72
  2.031055e-01   3.430546e-23   0.000000e+00   2.639223e-24   72
  2.040524e-01   4.770902e-23   2.980232e-09   7.016271e-24   32
  2.049949e-01   3.457345e-23   2.649095e-09   2.950900e-24   72
  2.059331e-01   3.365578e-23   3.746387e-09   2.507434e-24   144
  2.087224e-01   3.133970e-23   6.282881e-09   1.985465e-24   96
  2.096439e-01   2.350107e-23   0.000000e+00   1.889727e-24   96
  2.105614e-01   2.501154e-23   0.000000e+00   2.777280e-24   48
  2.114749e-01   2.843519e-23   0.000000e+00   2.500656e-24   72
  2.123845e-01   3.286109e-23   0.000000e+00   2.377179e-24   120
  2.132902e-01   2.940065e-23   0.000000e+00   2.286327e-24   72
  2.150901e-01   3.915833e-23   0.000000e+00   4.217736e-24   48
  2.159845e-01   3.006944e-23   4.235416e-09   2.522474e-24   78
  2.168752e-01   2.784882e-23   3.178914e-09   1.717147e-24   120
  2.177622e-01   2.633104e-23   3.973643e-09   3.150891e-24   48
  2.195255e-01   2.510204e-23   3.746387e-09   1.875136e-24   144
  2.204018e-01   2.526299e-23   3.746387e-09   1.519985e-24   144
  2.221441e-01   2.735969e-23   0.000000e+00   4.435903e-24   12
  2.230102e-01   1.918352e-23   0.000000e+00   1.257849e-24   144
  2.238729e-01   2.894873e-23   4.866699e-09   2.870635e-24   48
  2.247323e-01   2.220891e-23   3.178914e-09   1.570662e-24   120
  2.255884e-01   2.078290e-23   0.000000e+00   1.545522e-24   48
  2.264413e-01   1.233531e-23   0.000000e+00   1.048476e-24   48
  2.272910e-01   2.047424e-23   0.000000e+00   1.418075e-24   168
  2.289809e-01   1.085229e-23   0.000000e+00   1.287544e-24   48
  2.298212e-01   1.888269e-23   2.809790e-09   1.364455e-24   96
  2.306585e-01   1.728502e-23   2.809790e-09   1.321650e-24   96
  2.314927e-01   1.826171e-23   0.000000e+00   1.831646e-24   72
  2.323239e-01   1.093295e-23   2.809790e-09   1.021415e-24   48
  2.331522e-01   2.163196e-23   0.000000e+00   1.516633e-24   96
  2.339775e-01   1.339471e-23   0.000000e+00   1.386822e-24   48
  2.356194e-01   1.559597e-23   3.178914e-09   1.716153e-24   30
  2.364362e-01   1.742651e-23   2.809790e-09   1.342865e-24   96
  2.372501e-01   1.578688e-23   0.000000e+00   8.096692e-25   192
  2.380612e-01   1.796402e-23   3.973643e-09   2.320529e-24   48
  2.380612e-01   9.288151e-24   0.000000e+00   1.064278e-24   8
  2.388695e-01   2.266312e-23   2.809790e-09   4.030091e-24   24
  2.396752e-01   1.547513e-23   0.000000e+00   9.127526e-25   168
  2.404781e-01   1.356259e-23   0.000000e+00   1.024290e-24   120
  2.420760e-01   1.451176e-23   5.923557e-09   1.407944e-24   72
  2.428710e-01   1.291309e-23   3.746387e-09   8.356637e-25   144
  2.436634e-01   1.297642e-23   0.000000e+00   7.242203e-25   96
  2.444532e-01   1.323246e-23   0.000000e+00   8.878109e-25   96
  2.460253e-01   2.183107e-23   4.588368e-09   1.985331e-24   72
  2.468075e-01   1.299383e-23   3.973643e-09   1.215896e-24   96
  2.483647e-01   1.464834e-23   0.000000e+00   1.996431e-24   24
  2.491396e-01   1.189300e-23   0.000000e+00   6.036657e-25   192
  2.499122e-01   1.328048e-23   3.532127e-09   8.621540e-25   108
  2.506823e-01   1.128274e-23   0.000000e+00   1.857580e-24   24
  2.514501e-01   1.387538e-23   0.000000e+00   1.121594e-24   96
  2.522156e-01   9.397334e-24   0.000000e+00   5.921857e-25   96
  2.529787e-01   7.888589e-24   3.178914e-09   5.932278e-25   120
  2.544981e-01   8.608150e-24   0.000000e+00   7.105162e-25   48
  2.552544e-01   1.571381e-23   5.989783e-09   1.216748e-24   78
  2.560085e-01   1.332541e-23   0.000000e+00   1.032073e-24   144
  2.567603e-01   1.305886e-23   0.000000e+00   1.427737e-24   120
  2.575100e-01   7.403197e-24   4.866699e-09   7.927352e-25   24
  2.582575e-01   1.260682e-23   0.000000e+00   9.123615e-25   168
  2.590028e-01   1.178092e-23   0.000000e+00   9.288392e-25   144
  2.604871e-01   1.377772e-23   4.866699e-09   2.243310e-24   24
  2.612261e-01   1.047520e-23   0.000000e+00   1.254680e-24   48
  2.619630e-01   1.306507e-23   2.809790e-09   1.025338e-24   96
  2.626978e-01   1.115052e-23   0.000000e+00   7.606296e-25   120
  2.634306e-01   7.525483e-24   0.000000e+00   5.726627e-25   72
  2.641613e-01   9.643333e-24   4.495664e-09   7.088958e-25   120
  2.648900e-01   1.031578e-23   0.000000e+00   7.597025e-25   144
  2.663415e-01   8.891670e-24   0.000000e+00   9.202107e-25   48
  2.670642e-01   8.242459e-24   5.619580e-09   4.823606e-25   192
  2.677851e-01   9.207750e-24   0.000000e+00   6.587626e-25   144
  2.685040e-01   8.893553e-24   0.000000e+00   1.252870e-24   48
  2.699360e-01   8.495685e-24   0.000000e+00   4.376610e-25   192
  2.706492e-01   5.919069e-24   0.000000e+00   4.823553e-25   48
  2.720699e-01   2.980154e-24   2.980232e-09   5.976391e-25   8
  2.727775e-01   7.593351e-24   3.973643e-09   8.587877e-25   48
  2.734833e-01   7.917530e-24   8.991328e-09   4.116289e-25   240
  2.741872e-01   9.776635e-24   0.000000e+00   9.882787e-25   96
  2.748894e-01   1.039166e-23   3.532127e-09   9.298481e-25   54
  2.755897e-01   9.409534e-24   0.000000e+00   8.793721e-25   120
  2.762883e-01   9.233679e-24   3.178914e-09   6.793796e-25   120
  2.776802e-01   6.364821e-24   0.000000e+00   6.875720e-25   84
  2.783735e-01   8.839339e-24   0.000000e+00   5.734811e-25   144
  2.790651e-01   7.074621e-24   3.746387e-09   5.064532e-25   72
  2.797550e-01   6.544075e-24   0.000000e+00   5.698415e-25   96
  2.804432e-01   8.684613e-24   0.000000e+00   8.018675e-25   48
  2.811298e-01   9.593021e-24   0.000000e+00   1.064081e-24   96
  2.818146e-01   7.076971e-24   4.495664e-09   3.930401e-25   240
  2.831793e-01   5.829109e-24   3.973643e-09   8.987351e-25   24
  2.838592e-01   8.019117e-24   0.000000e+00   4.222691e-25   240
  2.845375e-01   5.976940e-24   5.619580e-09   4.349216e-25   96
  2.852142e-01   3.515445e-24   0.000000e+00   2.881525e-25   72
  2.858892e-01   7.619211e-24   3.746387e-09   6.794448e-25   72
  2.865627e-01   8.170456e-24   0.000000e+00   1.014835e-24   96
  2.872346e-01   1.047507e-23   0.000000e+00   1.024942e-24   72
  2.885737e-01   6.575477e-24   0.000000e+00   4.857516e-25   96
  2.892409e-01   4.572515e-24   3.973643e-09   3.487886e-25   96
  2.899066e-01   5.288569e-24   7.786718e-09   3.140885e-25   120
  2.905708e-01   6.016393e-24   3.973643e-09   3.973472e-25   96
  2.918946e-01   6.226579e-24   0.000000e+00   3.893539e-25   192
  2.925542e-01   7.397683e-24   3.746387e-09   5.795835e-25   144
  2.938691e-01   3.608217e-24   0.000000e+00   3.757236e-25   48
  2.945243e-01   6.776521e-24   6.229375e-09   5.241202e-25   150
  2.951781e-01   5.140546e-24   5.619580e-09   4.143859e-25   96
  2.958304e-01   5.849480e-24   7.108269e-09   4.430373e-25   120
  2.964813e-01   6.615074e-24   0.000000e+00   9.439604e-25   48
  2.971308e-01   5.757607e-24   5.506041e-09   5.510335e-25   120
  2.977788e-01   6.461651e-24   0.000000e+00   3.628782e-25   240
  2.990707e-01   1.011822e-23   3.973643e-09   9.988575e-25   24
  2.997146e-01   6.127543e-24   0.000000e+00   3.843855e-25   144
  3.003570e-01   5.419343e-24   7.064254e-09   3.240807e-25   216
  3.009981e-01   1.092265e-23   0.000000e+00   1.217127e-24   48
  3.016379e-01   5.636570e-24   0.000000e+00   5.592430e-25   72
  3.022763e-01   5.332081e-24   0.000000e+00   3.023950e-25   144
  3.029133e-01   7.300495e-24   0.000000e+00   9.147345e-25   96
  3.048165e-01   5.889635e-24   0.000000e+00   4.027246e-25   144
  3.054482e-01   6.084231e-24   0.000000e+00   4.830674e-25   132
  3.060786e-01   5.793269e-24   0.000000e+00   5.220383e-25   104
  3.067078e-01   2.749987e-24   3.746387e-09   2.433992e-25   72
  3.073356e-01   5.636157e-24   6.422377e-09   4.160359e-25   168
  3.079622e-01   4.046617e-24   0.000000e+00   2.517278e-25   144
  3.092116e-01   4.747847e-24   0.000000e+00   3.601496e-25   96
  3.098343e-01   3.757606e-24   0.000000e+00   2.388007e-25   144
  3.104559e-01   6.244689e-24   0.000000e+00   3.840649e-25   144
  3.110762e-01   5.096395e-24   9.082613e-09   4.049264e-25   168
  3.123131e-01   2.768445e-24   0.000000e+00   2.515131e-25   48
  3.129297e-01   5.419069e-24   3.973643e-09   3.426193e-25   192
  3.141593e-01   2.456142e-24   0.000000e+00   8.728339e-25   3
  3.147723e-01   3.710510e-24   5.994218e-09   2.813628e-25   180
  3.153841e-01   3.988317e-24   0.000000e+00   4.938485e-25   84
  3.159947e-01   5.118907e-24   5.619580e-09   3.986299e-25   96
  3.166041e-01   5.316456e-24   0.000000e+00   7.098330e-25   84
  3.172124e-01   5.075451e-24   6.882552e-09   3.991481e-25   192
  3.178195e-01   5.717088e-24   0.000000e+00   5.446989e-25   72
  3.190302e-01   3.976109e-24   6.422377e-09   4.000997e-25   84
  3.196339e-01   7.183970e-24   0.000000e+00   5.892974e-25   84
  3.202364e-01   4.657249e-24   0.000000e+00   3.470032e-25   216
  3.208378e-01   2.667978e-24   0.000000e+00   2.878623e-25   48
  3.214381e-01   3.531370e-24   0.000000e+00   4.178134e-25   24
  3.220372e-01   4.039605e-24   0.000000e+00   2.945867e-25   240
  3.226352e-01   4.057216e-24   0.000000e+00   2.349625e-25   192
  3.238280e-01   4.084806e-24   0.000000e+00   6.402401e-25   36
  3.244227e-01   5.848952e-24   0.000000e+00   9.541119e-25   72
  3.250163e-01   3.210788e-24   0.000000e+00   2.846379e-25   132
  3.256089e-01   5.778121e-24   0.000000e+00   3.982793e-25   120
  3.262004e-01   7.162435e-24   0.000000e+00   8.938567e-25   72
  3.267908e-01   5.087444e-24   0.000000e+00   3.774934e-25   72
  3.273801e-01   4.043282e-24   1.015467e-08   2.624823e-25   168
  3.285556e-01   1.760086e-24   0.000000e+00   1.543235e-25   48
  3.291418e-01   3.489686e-24   6.477696e-09   2.862286e-25   204
  3.297269e-01   5.019851e-24   0.000000e+00   5.768891e-25   72
  3.303111e-01   5.303878e-24   0.000000e+00   4.914110e-25   72
  3.314762e-01   3.171400e-24   0.000000e+00   3.245625e-25   168
  3.320572e-01   3.759905e-24   3.746387e-09   2.132288e-25   144
  3.332162e-01   6.356861e-24   0.000000e+00   1.478909e-24   24
  3.337942e-01   2.329064e-24   3.973643e-09   1.586621e-25   96
  3.343712e-01   4.729709e-24   0.000000e+00   2.743653e-25   192
  3.349472e-01   2.327332e-24   0.000000e+00   1.786189e-25   72
  3.355222e-01   4.892244e-24   5.298191e-09   7.141064e-25   36
  3.360963e-01   3.912253e-24   7.865773e-09   2.649287e-25   168
  3.366693e-01   2.406355e-24   0.000000e+00   1.492816e-25   120
  3.378125e-01   4.199779e-24   6.882552e-09   4.384605e-25   96
  3.383827e-01   4.144210e-24   0.000000e+00   2.634759e-25   144
  3.389519e-01   5.344556e-24   0.000000e+00   4.996116e-25   48
  3.395201e-01   2.581647e-24   1.059638e-08   1.759683e-25   144
  3.400874e-01   2.303668e-24   0.000000e+00   2.052127e-25   56
  3.406537e-01   3.404426e-24   5.298191e-09   3.854223e-25   72
  3.412191e-01   2.170685e-24   3.973643e-09   2.053501e-25   96
  3.423471e-01   1.956862e-24   3.973643e-09   2.399870e-25   24
  3.429097e-01   3.130031e-24   0.000000e+00   2.402115e-25   156
  3.434714e-01   3.165241e-24   4.890638e-09   2.276457e-25   156
  3.440322e-01   4.477576e-24   3.973643e-09   4.074410e-25   48
  3.445920e-01   3.864005e-24   0.000000e+00   4.926451e-25   72
  3.451510e-01   3.301227e-24   0.000000e+00   5.396084e-25   72
  3.457090e-01   3.206523e-24   3.973643e-09   2.058066e-25   96
  3.468224e-01   2.642243e-24   0.000000e+00   2.619015e-25   48
  3.473778e-01   1.967550e-24   6.882552e-09   1.314554e-25   96
  3.479323e-01   2.399221e-24   9.990364e-09   1.394311e-25   216
  3.484859e-01   2.759252e-24   0.000000e+00   3.012527e-25   96
  3.495904e-01   3.099587e-24   0.000000e+00   2.844910e-25   96
  3.501414e-01   2.068958e-24   0.000000e+00   1.488063e-25   96
  3.512407e-01   5.984840e-24   0.000000e+00   1.570741e-24   12
  3.517891e-01   2.871844e-24   0.000000e+00   2.290908e-25   168
  3.523367e-01   2.552603e-24   0.000000e+00   1.737189e-25   96
  3.528833e-01   2.058988e-24   3.973643e-09   2.566830e-25   48
  3.534292e-01   2.553459e-24   6.488932e-09   2.443681e-25   72
  3.539742e-01   1.997141e-24   4.495664e-09   1.718048e-25   120
  3.545183e-01   2.123591e-24   7.947286e-09   9.990286e-26   192
  3.556041e-01   3.153063e-24   0.000000e+00   4.033496e-25   12
  3.561458e-01   2.165935e-24   0.000000e+00   1.504189e-25   168
  3.566867e-01   4.840680e-24   3.973643e-09   6.295296e-25   24
  3.572267e-01   2.118495e-24   0.000000e+00   1.784858e-25   72
  3.577659e-01   2.005135e-24   0.000000e+00   1.603727e-25   48
  3.583043e-01   1.596079e-24   5.619580e-09   7.995774e-26   96
  3.588419e-01   3.254246e-24   0.000000e+00   3.556460e-25   48
  3.599147e-01   4.153309e-24   5.619580e-09   4.619326e-25   24
  3.604498e-01   3.349502e-24   0.000000e+00   5.642704e-25   36
  3.609842e-01   2.360848e-24   7.078835e-09   2.147116e-25   132
  3.615178e-01   1.157619e-24   7.492773e-09   1.186283e-25   72
  3.620507e-01   2.034087e-24   0.000000e+00   1.823612e-25   24
  3.625827e-01   2.459036e-24   0.000000e+00   1.791855e-25   192
  3.631140e-01   1.778601e-24   0.000000e+00   1.227710e-25   144
  3.641741e-01   1.481294e-24   0.000000e+00   1.311118e-25   72
  3.647031e-01   2.044562e-24   0.000000e+00   2.194513e-25   72
  3.652313e-01   1.833058e-24   5.619580e-09   1.460534e-25   96
  3.657587e-01   2.560892e-24   0.000000e+00   2.257277e-25   72
  3.668112e-01   1.510433e-24   0.000000e+00   9.747541e-26   96
  3.673364e-01   1.769955e-24   0.000000e+00   1.038408e-25   144
  3.683844e-01   9.944096e-25   5.619580e-09   1.243215e-25   24
  3.689073e-01   2.179932e-24   0.000000e+00   2.082627e-25   96
  3.694295e-01   1.585185e-24   6.422377e-09   1.680689e-25   84
  3.699509e-01   1.919071e-24   0.000000e+00   1.173652e-25   96
  3.704716e-01   2.381099e-24   0.000000e+00   2.767725e-25   84
  3.709915e-01   2.547851e-24   3.973643e-09   1.750095e-25   24
  3.715108e-01   1.109208e-24   0.000000e+00   2.086878e-25   24
  3.725471e-01   1.668754e-24   0.000000e+00   2.294470e-25   72
  3.730641e-01   2.400291e-24   0.000000e+00   2.239239e-25   48
  3.736127e-01   1.610786e-24   1.248164e-04   1.199204e-25   128
  3.740961e-01   1.678218e-24   5.619580e-09   2.440211e-25   24
  3.751253e-01   1.494255e-24   5.298191e-09   1.043421e-25   144
  3.756388e-01   1.324972e-24   0.000000e+00   1.048518e-25   96
  3.771752e-01   1.657670e-24   0.000000e+00   1.104900e-25   144
  3.776859e-01   1.843655e-24   5.619580e-09   1.356557e-25   96
  3.781959e-01   1.279440e-24   7.947286e-09   9.025944e-26   96
  3.787053e-01   3.146470e-24   5.619580e-09   3.769008e-25   24
  3.792140e-01   2.185110e-24   0.000000e+00   1.486021e-25   72
  3.797219e-01   1.472978e-24   8.991328e-09   1.216608e-25   120
  3.807359e-01   1.092006e-24   5.619580e-09   9.752721e-26   48
  3.812418e-01   1.188427e-24   0.000000e+00   9.792462e-26   108
  3.817471e-01   2.276423e-24   0.000000e+00   1.931426e-25   72
  3.832590e-01   1.745174e-24   5.298191e-09   1.332256e-25   144
  3.837616e-01   2.015607e-24   5.619580e-09   2.105863e-25   48
  3.847649e-01   1.883178e-24   5.619580e-09   3.991493e-25   12
  3.855656e-01   1.828540e-24   2.449590e-04   1.340680e-25   120
  3.862650e-01   1.121899e-24   5.619580e-09   8.869885e-26   48
  3.867637e-01   8.048928e-25   5.619580e-09   8.797054e-26   24
  3.872618e-01   1.041552e-24   9.733398e-09   6.620775e-26   96
  3.877593e-01   1.104500e-24   0.000000e+00   8.992859e-26   96
  3.887523e-01   1.972760e-24   7.492773e-09   2.713241e-25   36
  3.892478e-01   1.869936e-24   0.000000e+00   1.591876e-25   48
  3.897427e-01   1.435504e-24   0.000000e+00   1.120356e-25   120
  3.902370e-01   1.763188e-24   0.000000e+00   1.195453e-25   96
  3.907307e-01   1.518168e-24   0.000000e+00   1.668866e-25   48
  3.917161e-01   1.418325e-24   0.000000e+00   1.215034e-25   96
  3.931451e-01   1.868126e-24   1.410282e-04   1.331722e-25   132
  3.936796e-01   1.647309e-24   0.000000e+00   2.204562e-25   48
  3.941690e-01   2.216227e-24   0.000000e+00   2.219537e-25   48
  3.946577e-01   1.518681e-24   0.000000e+00   1.780824e-25   72
  3.951458e-01   1.532593e-24   0.000000e+00   1.458083e-25   72
  3.956334e-01   8.539994e-25   5.619580e-09   8.618123e-26   48
  3.966066e-01   1.222121e-24   0.000000e+00   1.602352e-25   24
  3.970924e-01   1.498110e-24   5.619580e-09   1.810691e-25   48
  3.975775e-01   1.341263e-24   9.733398e-09   1.260723e-25   96
  3.980621e-01   9.239464e-25   0.000000e+00   1.212941e-25   24
  3.990294e-01   9.951508e-25   0.000000e+00   1.263574e-25   72
  3.995122e-01   9.596320e-25   0.000000e+00   9.443783e-26   48
  4.004761e-01   1.363360e-24   5.619580e-09   2.653878e-25   24
  4.009571e-01   9.518307e-25   0.000000e+00   6.142339e-26   72
  4.014376e-01   1.016169e-24   0.000000e+00   8.569843e-26   60
  4.019175e-01   1.431849e-24   5.298191e-09   1.055681e-25   72
  4.023968e-01   1.380113e-24   0.000000e+00   1.281757e-25   24
  4.028756e-01   1.240726e-24   0.000000e+00   1.053488e-25   72
  4.033538e-01   1.709795e-24   9.733398e-09   2.098257e-25   48
  4.047849e-01   1.458015e-24   7.064254e-09   1.009395e-25   108
  4.052609e-01   1.933314e-24   0.000000e+00   2.243864e-25   48
  4.057363e-01   8.937178e-25   5.619580e-09   8.621154e-26   48
  4.062111e-01   1.085235e-24   0.000000e+00   1.901794e-25   24
  4.066854e-01   1.037232e-24   7.492773e-09   9.721532e-26   72
  4.071591e-01   1.444113e-24   0.000000e+00   1.301520e-25   96
  4.085095e-01   9.948480e-25   1.651903e-04   7.602407e-26   56
  4.090485e-01   1.084881e-24   0.000000e+00   1.534281e-25   72
  4.099899e-01   1.631947e-24   0.000000e+00   2.923737e-25   24
  4.104598e-01   1.140784e-24   0.000000e+00   1.088545e-25   72
  4.109291e-01   8.012641e-25   5.619580e-09   6.890745e-26   48
  4.121469e-01   1.062176e-24   2.291567e-04   7.098955e-26   120
  4.132680e-01   1.105361e-24   5.619580e-09   1.314167e-25   48
  4.146649e-01   1.013000e-24   0.000000e+00   6.543910e-26   144
  4.160572e-01   1.162960e-24   5.619580e-09   2.212402e-25   24
  4.165203e-01   1.192298e-24   0.000000e+00   1.293512e-25   84
  4.169828e-01   1.832897e-24   0.000000e+00   2.441083e-25   24
  4.174448e-01   1.804438e-24   5.619580e-09   3.837779e-25   12
  4.179064e-01   1.778042e-24   7.947286e-09   2.916685e-25   24
  4.183674e-01   2.144498e-24   0.000000e+00   2.204111e-25   24
  4.195385e-01   1.112072e-24   2.287955e-04   6.742385e-26   132
  4.202064e-01   8.551328e-25   5.298191e-09   5.995808e-26   72
  4.206649e-01   1.132875e-24   5.619580e-09   1.673517e-25   48
  4.215803e-01   1.279538e-24   0.000000e+00   1.028277e-25   96
  4.229499e-01   1.250393e-24   0.000000e+00   2.315450e-25   24
  4.234054e-01   5.981101e-25   0.000000e+00   3.860900e-26   48
  4.238604e-01   2.140690e-24   0.000000e+00   2.315976e-25   24
  4.243149e-01   8.118509e-25   0.000000e+00   9.606484e-26   24
  4.247690e-01   1.430593e-24   0.000000e+00   1.478099e-25   24
  4.252226e-01   8.960880e-25   0.000000e+00   9.200113e-26   48
  4.256757e-01   9.754172e-25   7.947286e-09   9.684242e-26   48
  4.270320e-01   6.831331e-25   7.947286e-09   8.823147e-26   24
  4.274832e-01   8.734863e-25   0.000000e+00   8.575925e-26   24
  4.279339e-01   1.027650e-24   0.000000e+00   8.831068e-26   72
  4.288339e-01   1.076810e-24   5.619580e-09   1.490364e-25   48
  4.306282e-01   1.389422e-24   0.000000e+00   1.977190e-25   36
  4.310756e-01   1.357250e-24   5.619580e-09   1.878838e-25   48
  4.319690e-01   5.870951e-25   0.000000e+00   8.818200e-26   24
  4.324150e-01   1.141276e-24   7.492773e-09   1.279375e-25   72
  4.328606e-01   7.516009e-25   0.000000e+00   6.005027e-26   72
  4.337503e-01   1.222154e-24   0.000000e+00   1.219375e-25   24
  4.345273e-01   9.566150e-25   1.921429e-04   6.916178e-26   96
  4.355244e-01   5.677087e-25   0.000000e+00   8.965576e-26   24
  4.364087e-01   7.666858e-25   0.000000e+00   8.064747e-26   48
  4.377318e-01   1.970303e-24   0.000000e+00   3.050607e-25   24
  4.381719e-01   1.042957e-24   5.619580e-09   2.091243e-25   12
  4.386117e-01   7.363355e-25   5.619580e-09   7.664802e-26   24
  4.390509e-01   1.035286e-24   0.000000e+00   1.379205e-25   24
  4.397820e-01   9.000742e-25   2.066609e-04   7.459580e-26   72
  4.416774e-01   9.541937e-25   5.619580e-09   8.854735e-26   48
  4.421136e-01   3.382456e-25   0.000000e+00   5.404009e-26   8
  4.429848e-01   5.223529e-25   7.947286e-09   4.929828e-26   48
  4.446991e-01   1.035652e-24   9.683574e-05   2.285458e-25   57
  4.451552e-01   5.289341e-25   0.000000e+00   6.935575e-26   24
  4.455880e-01   8.764247e-25   5.619580e-09   6.118134e-26   48
  4.460204e-01   1.370048e-24   1.101208e-08   2.460272e-25   30
  4.464524e-01   1.679798e-24   0.000000e+00   1.651508e-25   24
  4.481762e-01   8.819193e-25   4.890638e-09   7.112010e-26   78
  4.498933e-01   8.230357e-25   0.000000e+00   1.051421e-25   24
  4.511769e-01   1.534707e-24   0.000000e+00   3.208168e-25   6
  4.520306e-01   1.422618e-24   0.000000e+00   1.588277e-25   24
  4.524568e-01   5.759557e-25   0.000000e+00   7.789677e-26   24
  4.535206e-01   8.144797e-25   2.125214e-04   7.632064e-26   48
  4.545821e-01   5.039836e-25   0.000000e+00   9.861088e-26   24
  4.550059e-01   1.008451e-24   0.000000e+00   2.113752e-25   6
  4.554294e-01   6.504316e-25   0.000000e+00   6.052357e-26   48
  4.571193e-01   6.323091e-25   5.619580e-09   7.682617e-26   48
  4.579619e-01   6.589890e-25   0.000000e+00   1.188304e-25   12
  4.583826e-01   9.539600e-25   7.947286e-09   2.376594e-25   24
  4.588030e-01   5.512931e-25   0.000000e+00   5.578915e-26   24
  4.596425e-01   1.479894e-24   0.000000e+00   2.125204e-25   6
  4.604805e-01   7.002171e-25   0.000000e+00   6.846903e-26   24
  4.613170e-01   8.822575e-25   5.619580e-09   9.566349e-26   24
  4.652466e-01   9.212461e-25   2.058721e-04   8.373495e-26   54
  4.658907e-01   4.233178e-25   0.000000e+00   3.589125e-26   24
  4.667175e-01   5.710641e-25   0.000000e+00   4.355301e-26   48
  4.683667e-01   4.761761e-25   0.000000e+00   1.184771e-25   24
  4.691891e-01   5.465122e-25   0.000000e+00   5.927268e-26   24
  4.700101e-01   6.001322e-25   9.733398e-09   7.804675e-26   24
  4.712389e-01   1.324700e-24   5.619580e-09   2.197328e-25   6
  4.732798e-01   1.022155e-24   7.947286e-09   2.014026e-25   24
  4.761223e-01   6.958391e-25   0.000000e+00   1.073889e-25   8
  4.769314e-01   5.156263e-25   0.000000e+00   4.652716e-26   48
  4.781424e-01   1.230008e-24   7.947286e-09   3.179983e-25   6
  4.785454e-01   6.150615e-25   0.000000e+00   7.803571e-26   36
  4.793503e-01   6.768994e-25   5.619580e-09   8.217502e-26   24
  4.817571e-01   7.909932e-25   7.947286e-09   1.423165e-25   24
  4.857419e-01   1.520131e-24   0.000000e+00   3.923577e-25   6
  4.877221e-01   4.170864e-25   0.000000e+00   4.943741e-26   24
  4.885120e-01   4.794916e-25   0.000000e+00   4.208121e-26   24
  4.893005e-01   5.657011e-25   0.000000e+00   1.067212e-25   24
  4.908739e-01   6.764098e-25   0.000000e+00   1.191418e-25   24
  4.940055e-01   5.942990e-25   1.123916e-08   1.778185e-25   6
  4.990524e-01   5.430211e-25   5.619580e-09   5.791692e-26   24
  4.998243e-01   3.943673e-25   0.000000e+00   6.466115e-26   12
  5.005951e-01   5.280536e-25   7.947286e-09   9.234401e-26   24
  5.029002e-01   7.096395e-25   0.000000e+00   6.915790e-26   6
  5.101311e-01   5.055445e-25   0.000000e+00   3.364948e-26   8
  5.108863e-01   5.556509e-25   5.619580e-09   5.186065e-26   24
  5.123933e-01   4.151957e-25   0.000000e+00   1.464422e-25   6
  5.217137e-01   5.445387e-25   0.000000e+00   6.903600e-26   12
  5.224521e-01   5.041927e-25   0.000000e+00   1.433601e-25   6
  5.330447e-01   3.823432e-25   0.000000e+00   5.940027e-26   6
