0.0103009 0
0.0107169 0
0.0111498 0
0.0116001 0
0.0120686 0
0.0125561 0
0.0130632 0
0.0135909 0
0.0141398 0
0.014711 0
0.0153052 0
0.0159234 0
0.0165666 0
0.0172358 0
0.017932 0
0.0186563 0
0.0194099 0
0.0201939 0
0.0210097 0
0.0218583 0
0.0227413 0
0.0236599 0
0.0246157 0
0.02561 0
0.0266446 0
0.0277209 0
0.0288407 0
0.0300058 0
0.0312179 0
0.032479 0
0.033791 0
0.0351561 0
0.0365762 0
0.0380538 0
0.0395911 0
0.0411904 0
0.0428544 0
0.0445856 0
0.0463868 0
0.0482607 0
0.0502103 0
0.0522387 0
0.0543491 0
0.0565447 0
0.058829 0
0.0612056 0
0.0636783 0
0.0662508 0
0.0689273 0
0.0717119 0
0.074609 0
0.0776232 0
0.0807591 0
0.0840218 0
0.0874163 0
0.090948 0
0.0946223 0
0.0984452 0
0.102422 0
0.106561 0
0.110866 0
0.115345 0
0.120005 0
0.124854 0
0.129899 0
0.135147 0
0.140608 0
0.14629 0
0.152201 0
0.158351 0
0.16475 0
0.171408 0
0.178335 0
0.185543 0
0.193042 0
0.200844 0
0.208963 0
0.21741 0
0.226199 0
0.235345 0
0.244861 0
0.254763 0
0.265066 0
0.275788 0
0.286945 0
0.298556 0
0.310638 0
0.323212 0
0.336298 0
0.349917 0
0.364092 0
0.378846 0
0.394202 0
0.410187 0
0.426827 0
0.44415 0
0.462184 0
0.480961 0
0.500512 0
0.520869 0
0.542069 0
0.564147 0
0.587141 0
0.61109 0
0.636037 0
0.662024 0
0.689097 0
0.717302 0
0.746688 0
0.777306 0
0.80921 0
0.842454 0
0.877095 0
0.913194 0
0.950812 0
0.990012 0
1.03086 0
0.0103009 0
0.0107169 0
0.0111498 0
0.0116001 0
0.0120686 0
0.0125561 0
0.0130632 0
0.0135909 0
0.0141398 0
0.014711 0
0.0153052 0
0.0159234 0
0.0165666 0
0.0172358 0
0.017932 0
0.0186563 0
0.0194099 0
0.0201939 0
0.0210097 0
0.0218583 0
0.0227413 0
0.0236599 0
0.0246157 0
0.02561 0
0.0266446 0
0.0277209 0
0.0288407 0
0.0300058 0
0.0312179 0
0.032479 0
0.033791 0
0.0351561 0
0.0365762 0
0.0380538 0
0.0395911 0
0.0411904 0
0.0428544 0
0.0445856 0
0.0463868 0
0.0482607 0
0.0502103 0
0.0522387 0
0.0543491 0
0.0565447 0
0.058829 0
0.0612056 0
0.0636783 0
0.0662508 0
0.0689273 0
0.0717119 0
0.074609 0
0.0776232 0
0.0807591 0
0.0840218 0
0.0874163 0
0.090948 0
0.0946223 0
0.0984452 0
0.102422 0
0.106561 0
0.110866 0
0.115345 0
0.120005 0
0.124854 0
0.129899 0
0.135147 0
0.140608 0
0.14629 0
0.152201 0
0.158351 0
0.16475 0
0.171408 0
0.178335 0
0.185543 0
0.193042 0
0.200844 0
0.208963 0
0.21741 0
0.226199 0
0.235345 0
0.244861 0
0.254763 0
0.265066 0
0.275788 0
0.286945 0
0.298556 0
0.310638 0
0.323212 0
0.336298 0
0.349917 0
0.364092 0
0.378846 0
0.394202 0
0.410187 0
0.426827 0
0.44415 0
0.462184 0
0.480961 0
0.500512 0
0.520869 0
0.542069 0
0.564147 0
0.587141 0
0.61109 0
0.636037 0
0.662024 0
0.689097 0
0.717302 0
0.746688 0
0.777306 0
0.80921 0
0.842454 0
0.877095 0
0.913194 0
0.950812 0
0.990012 0
1.03086 0
0.0103009 0
0.0107169 0
0.0111498 0
0.0116001 0
0.0120686 0
0.0125561 0
0.0130632 0
0.0135909 0
0.0141398 0
0.014711 0
0.0153052 0
0.0159234 0
0.0165666 0
0.0172358 0
0.017932 0
0.0186563 0
0.0194099 0
0.0201939 0
0.0210097 0
0.0218583 0
0.0227413 0
0.0236599 0
0.0246157 0
0.02561 0
0.0266446 0
0.0277209 0
0.0288407 0
0.0300058 0
0.0312179 0
0.032479 0
0.033791 0
0.0351561 0
0.0365762 0
0.0380538 0
0.0395911 0
0.0411904 0
0.0428544 0
0.0445856 0
0.0463868 0
0.0482607 0
0.0502103 0
0.0522387 0
0.0543491 0
0.0565447 0
0.058829 0
0.0612056 0
0.0636783 0
0.0662508 0
0.0689273 0
0.0717119 0
0.074609 0
0.0776232 0
0.0807591 0
0.0840218 0
0.0874163 0
0.090948 0
0.0946223 0
0.0984452 0
0.102422 0
0.106561 0
0.110866 0
0.115345 0
0.120005 0
0.124854 0
0.129899 0
0.135147 0
0.140608 0
0.14629 0
0.152201 0
0.158351 0
0.16475 0
0.171408 0
0.178335 0
0.185543 0
0.193042 0
0.200844 0
0.208963 0
0.21741 0
0.226199 0
0.235345 0
0.244861 0
0.254763 0
0.265066 0
0.275788 0
0.286945 0
0.298556 0
0.310638 0
0.323212 0
0.336298 0
0.349917 0
0.364092 0
0.378846 0
0.394202 0
0.410187 0
0.426827 0
0.44415 0
0.462184 0
0.480961 0
0.500512 0
0.520869 0
0.542069 0
0.564147 0
0.587141 0
0.61109 0
0.636037 0
0.662024 0
0.689097 0
0.717302 0
0.746688 0
0.777306 0
0.80921 0
0.842454 0
0.877095 0
0.913194 0
0.950812 0
0.990012 0
1.03086 0
0.0103009 -nan
0.0107169 -nan
0.0111498 -nan
0.0116001 -nan
0.0120686 -nan
0.0125561 -nan
0.0130632 -nan
0.0135909 -nan
0.0141398 -nan
0.014711 -nan
0.0153052 -nan
0.0159234 -nan
0.0165666 -nan
0.0172358 -nan
0.017932 -nan
0.0186563 -nan
0.0194099 -nan
0.0201939 -nan
0.0210097 -nan
0.0218583 -nan
0.0227413 -nan
0.0236599 -nan
0.0246157 -nan
0.02561 -nan
0.0266446 -nan
0.0277209 -nan
0.0288407 -nan
0.0300058 -nan
0.0312179 -nan
0.032479 -nan
0.033791 -nan
0.0351561 -nan
0.0365762 -nan
0.0380538 -nan
0.0395911 -nan
0.0411904 -nan
0.0428544 -nan
0.0445856 -nan
0.0463868 -nan
0.0482607 -nan
0.0502103 -nan
0.0522387 -nan
0.0543491 -nan
0.0565447 -nan
0.058829 -nan
0.0612056 -nan
0.0636783 -nan
0.0662508 -nan
0.0689273 -nan
0.0717119 -nan
0.074609 -nan
0.0776232 -nan
0.0807591 -nan
0.0840218 -nan
0.0874163 -nan
0.090948 -nan
0.0946223 -nan
0.0984452 -nan
0.102422 -nan
0.106561 -nan
0.110866 -nan
0.115345 -nan
0.120005 -nan
0.124854 -nan
0.129899 -nan
0.135147 -nan
0.140608 -nan
0.14629 -nan
0.152201 -nan
0.158351 -nan
0.16475 -nan
0.171408 -nan
0.178335 -nan
0.185543 -nan
0.193042 -nan
0.200844 -nan
0.208963 -nan
0.21741 -nan
0.226199 -nan
0.235345 -nan
0.244861 -nan
0.254763 -nan
0.265066 -nan
0.275788 -nan
0.286945 -nan
0.298556 -nan
0.310638 -nan
0.323212 -nan
0.336298 -nan
0.349917 -nan
0.364092 -nan
0.378846 -nan
0.394202 -nan
0.410187 -nan
0.426827 -nan
0.44415 -nan
0.462184 -nan
0.480961 -nan
0.500512 -nan
0.520869 -nan
0.542069 -nan
0.564147 -nan
0.587141 -nan
0.61109 -nan
0.636037 -nan
0.662024 -nan
0.689097 -nan
0.717302 -nan
0.746688 -nan
0.777306 -nan
0.80921 -nan
0.842454 -nan
0.877095 -nan
0.913194 -nan
0.950812 -nan
0.990012 -nan
1.03086 -nan
0.0103009 -nan
0.0107169 -nan
0.0111498 -nan
0.0116001 -nan
0.0120686 -nan
0.0125561 -nan
0.0130632 -nan
0.0135909 -nan
0.0141398 -nan
0.014711 -nan
0.0153052 -nan
0.0159234 -nan
0.0165666 -nan
0.0172358 -nan
0.017932 -nan
0.0186563 -nan
0.0194099 -nan
0.0201939 -nan
0.0210097 -nan
0.0218583 -nan
0.0227413 -nan
0.0236599 -nan
0.0246157 -nan
0.02561 -nan
0.0266446 -nan
0.0277209 -nan
0.0288407 -nan
0.0300058 -nan
0.0312179 -nan
0.032479 -nan
0.033791 -nan
0.0351561 -nan
0.0365762 -nan
0.0380538 -nan
0.0395911 -nan
0.0411904 -nan
0.0428544 -nan
0.0445856 -nan
0.0463868 -nan
0.0482607 -nan
0.0502103 -nan
0.0522387 -nan
0.0543491 -nan
0.0565447 -nan
0.058829 -nan
0.0612056 -nan
0.0636783 -nan
0.0662508 -nan
0.0689273 -nan
0.0717119 -nan
0.074609 -nan
0.0776232 -nan
0.0807591 -nan
0.0840218 -nan
0.0874163 -nan
0.090948 -nan
0.0946223 -nan
0.0984452 -nan
0.102422 -nan
0.106561 -nan
0.110866 -nan
0.115345 -nan
0.120005 -nan
0.124854 -nan
0.129899 -nan
0.135147 -nan
0.140608 -nan
0.14629 -nan
0.152201 -nan
0.158351 -nan
0.16475 -nan
0.171408 -nan
0.178335 -nan
0.185543 -nan
0.193042 -nan
0.200844 -nan
0.208963 -nan
0.21741 -nan
0.226199 -nan
0.235345 -nan
0.244861 -nan
0.254763 -nan
0.265066 -nan
0.275788 -nan
0.286945 -nan
0.298556 -nan
0.310638 -nan
0.323212 -nan
0.336298 -nan
0.349917 -nan
0.364092 -nan
0.378846 -nan
0.394202 -nan
0.410187 -nan
0.426827 -nan
0.44415 -nan
0.462184 -nan
0.480961 -nan
0.500512 -nan
0.520869 -nan
0.542069 -nan
0.564147 -nan
0.587141 -nan
0.61109 -nan
0.636037 -nan
0.662024 -nan
0.689097 -nan
0.717302 -nan
0.746688 -nan
0.777306 -nan
0.80921 -nan
0.842454 -nan
0.877095 -nan
0.913194 -nan
0.950812 -nan
0.990012 -nan
1.03086 -nan
0.0103009 -nan
0.0107169 -nan
0.0111498 -nan
0.0116001 -nan
0.0120686 -nan
0.0125561 -nan
0.0130632 -nan
0.0135909 -nan
0.0141398 -nan
0.014711 -nan
0.0153052 -nan
0.0159234 -nan
0.0165666 -nan
0.0172358 -nan
0.017932 -nan
0.0186563 -nan
0.0194099 -nan
0.0201939 -nan
0.0210097 -nan
0.0218583 -nan
0.0227413 -nan
0.0236599 -nan
0.0246157 -nan
0.02561 -nan
0.0266446 -nan
0.0277209 -nan
0.0288407 -nan
0.0300058 -nan
0.0312179 -nan
0.032479 -nan
0.033791 -nan
0.0351561 -nan
0.0365762 -nan
0.0380538 -nan
0.0395911 -nan
0.0411904 -nan
0.0428544 -nan
0.0445856 -nan
0.0463868 -nan
0.0482607 -nan
0.0502103 -nan
0.0522387 -nan
0.0543491 -nan
0.0565447 -nan
0.058829 -nan
0.0612056 -nan
0.0636783 -nan
0.0662508 -nan
0.0689273 -nan
0.0717119 -nan
0.074609 -nan
0.0776232 -nan
0.0807591 -nan
0.0840218 -nan
0.0874163 -nan
0.090948 -nan
0.0946223 -nan
0.0984452 -nan
0.102422 -nan
0.106561 -nan
0.110866 -nan
0.115345 -nan
0.120005 -nan
0.124854 -nan
0.129899 -nan
0.135147 -nan
0.140608 -nan
0.14629 -nan
0.152201 -nan
0.158351 -nan
0.16475 -nan
0.171408 -nan
0.178335 -nan
0.185543 -nan
0.193042 -nan
0.200844 -nan
0.208963 -nan
0.21741 -nan
0.226199 -nan
0.235345 -nan
0.244861 -nan
0.254763 -nan
0.265066 -nan
0.275788 -nan
0.286945 -nan
0.298556 -nan
0.310638 -nan
0.323212 -nan
0.336298 -nan
0.349917 -nan
0.364092 -nan
0.378846 -nan
0.394202 -nan
0.410187 -nan
0.426827 -nan
0.44415 -nan
0.462184 -nan
0.480961 -nan
0.500512 -nan
0.520869 -nan
0.542069 -nan
0.564147 -nan
0.587141 -nan
0.61109 -nan
0.636037 -nan
0.662024 -nan
0.689097 -nan
0.717302 -nan
0.746688 -nan
0.777306 -nan
0.80921 -nan
0.842454 -nan
0.877095 -nan
0.913194 -nan
0.950812 -nan
0.990012 -nan
1.03086 -nan
0.0103009 0
0.0107169 0
0.0111498 0
0.0116001 0
0.0120686 0
0.0125561 0
0.0130632 0
0.0135909 0
0.0141398 0
0.014711 0
0.0153052 0
0.0159234 0
0.0165666 0
0.0172358 0
0.017932 0
0.0186563 0
0.0194099 0
0.0201939 0
0.0210097 0
0.0218583 0
0.0227413 0
0.0236599 0
0.0246157 0
0.02561 0
0.0266446 0
0.0277209 0
0.0288407 0
0.0300058 0
0.0312179 0
0.032479 0
0.033791 0
0.0351561 0
0.0365762 0
0.0380538 0
0.0395911 0
0.0411904 0
0.0428544 0
0.0445856 0
0.0463868 0
0.0482607 0
0.0502103 0
0.0522387 0
0.0543491 0
0.0565447 0
0.058829 0
0.0612056 0
0.0636783 0
0.0662508 0
0.0689273 0
0.0717119 0
0.074609 0
0.0776232 0
0.0807591 0
0.0840218 0
0.0874163 0
0.090948 0
0.0946223 0
0.0984452 0
0.102422 0
0.106561 0
0.110866 0
0.115345 0
0.120005 0
0.124854 0
0.129899 0
0.135147 0
0.140608 0
0.14629 0
0.152201 0
0.158351 0
0.16475 0
0.171408 0
0.178335 0
0.185543 0
0.193042 0
0.200844 0
0.208963 0
0.21741 0
0.226199 0
0.235345 0
0.244861 0
0.254763 0
0.265066 0
0.275788 0
0.286945 0
0.298556 0
0.310638 0
0.323212 0
0.336298 0
0.349917 0
0.364092 0
0.378846 0
0.394202 0
0.410187 0
0.426827 0
0.44415 0
0.462184 0
0.480961 0
0.500512 0
0.520869 0
0.542069 0
0.564147 0
0.587141 0
0.61109 0
0.636037 0
0.662024 0
0.689097 0
0.717302 0
0.746688 0
0.777306 0
0.80921 0
0.842454 0
0.877095 0
0.913194 0
0.950812 0
0.990012 0
1.03086 0
0.0103009 0
0.0107169 0
0.0111498 0
0.0116001 0
0.0120686 0
0.0125561 0
0.0130632 0
0.0135909 0
0.0141398 0
0.014711 0
0.0153052 0
0.0159234 0
0.0165666 0
0.0172358 0
0.017932 0
0.0186563 0
0.0194099 0
0.0201939 0
0.0210097 0
0.0218583 0
0.0227413 0
0.0236599 0
0.0246157 0
0.02561 0
0.0266446 0
0.0277209 0
0.0288407 0
0.0300058 0
0.0312179 0
0.032479 0
0.033791 0
0.0351561 0
0.0365762 0
0.0380538 0
0.0395911 0
0.0411904 0
0.0428544 0
0.0445856 0
0.0463868 0
0.0482607 0
0.0502103 0
0.0522387 0
0.0543491 0
0.0565447 0
0.058829 0
0.0612056 0
0.0636783 0
0.0662508 0
0.0689273 0
0.0717119 0
0.074609 0
0.0776232 0
0.0807591 0
0.0840218 0
0.0874163 0
0.090948 0
0.0946223 0
0.0984452 0
0.102422 0
0.106561 0
0.110866 0
0.115345 0
0.120005 0
0.124854 0
0.129899 0
0.135147 0
0.140608 0
0.14629 0
0.152201 0
0.158351 0
0.16475 0
0.171408 0
0.178335 0
0.185543 0
0.193042 0
0.200844 0
0.208963 0
0.21741 0
0.226199 0
0.235345 0
0.244861 0
0.254763 0
0.265066 0
0.275788 0
0.286945 0
0.298556 0
0.310638 0
0.323212 0
0.336298 0
0.349917 0
0.364092 0
0.378846 0
0.394202 0
0.410187 0
0.426827 0
0.44415 0
0.462184 0
0.480961 0
0.500512 0
0.520869 0
0.542069 0
0.564147 0
0.587141 0
0.61109 0
0.636037 0
0.662024 0
0.689097 0
0.717302 0
0.746688 0
0.777306 0
0.80921 0
0.842454 0
0.877095 0
0.913194 0
0.950812 0
0.990012 0
1.03086 0
0.0103009 -0
0.0107169 -0
0.0111498 -0
0.0116001 -0
0.0120686 -0
0.0125561 -0
0.0130632 -0
0.0135909 -0
0.0141398 -0
0.014711 -0
0.0153052 -0
0.0159234 -0
0.0165666 -0
0.0172358 -0
0.017932 -0
0.0186563 -0
0.0194099 -0
0.0201939 -0
0.0210097 -0
0.0218583 -0
0.0227413 -0
0.0236599 -0
0.0246157 -0
0.02561 -0
0.0266446 -0
0.0277209 -0
0.0288407 -0
0.0300058 -0
0.0312179 -0
0.032479 -0
0.033791 -0
0.0351561 -0
0.0365762 -0
0.0380538 -0
0.0395911 -0
0.0411904 -0
0.0428544 -0
0.0445856 -0
0.0463868 -0
0.0482607 -0
0.0502103 -0
0.0522387 -0
0.0543491 -0
0.0565447 -0
0.058829 -0
0.0612056 -0
0.0636783 -0
0.0662508 -0
0.0689273 -0
0.0717119 -0
0.074609 -0
0.0776232 -0
0.0807591 -0
0.0840218 -0
0.0874163 -0
0.090948 -0
0.0946223 -0
0.0984452 -0
0.102422 -0
0.106561 -0
0.110866 -0
0.115345 -0
0.120005 -0
0.124854 -0
0.129899 -0
0.135147 -0
0.140608 -0
0.14629 -0
0.152201 -0
0.158351 -0
0.16475 -0
0.171408 -0
0.178335 -0
0.185543 -0
0.193042 -0
0.200844 -0
0.208963 -0
0.21741 -0
0.226199 -0
0.235345 -0
0.244861 -0
0.254763 -0
0.265066 -0
0.275788 -0
0.286945 -0
0.298556 -0
0.310638 -0
0.323212 -0
0.336298 -0
0.349917 -0
0.364092 -0
0.378846 -0
0.394202 -0
0.410187 -0
0.426827 -0
0.44415 -0
0.462184 -0
0.480961 -0
0.500512 -0
0.520869 -0
0.542069 -0
0.564147 -0
0.587141 -0
0.61109 -0
0.636037 -0
0.662024 -0
0.689097 -0
0.717302 -0
0.746688 -0
0.777306 -0
0.80921 -0
0.842454 -0
0.877095 -0
0.913194 -0
0.950812 -0
0.990012 -0
1.03086 -0
0.0103009 -0
0.0107169 -0
0.0111498 -0
0.0116001 -0
0.0120686 -0
0.0125561 -0
0.0130632 -0
0.0135909 -0
0.0141398 -0
0.014711 -0
0.0153052 -0
0.0159234 -0
0.0165666 -0
0.0172358 -0
0.017932 -0
0.0186563 -0
0.0194099 -0
0.0201939 -0
0.0210097 -0
0.0218583 -0
0.0227413 -0
0.0236599 -0
0.0246157 -0
0.02561 -0
0.0266446 -0
0.0277209 -0
0.0288407 -0
0.0300058 -0
0.0312179 -0
0.032479 -0
0.033791 -0
0.0351561 -0
0.0365762 -0
0.0380538 -0
0.0395911 -0
0.0411904 -0
0.0428544 -0
0.0445856 -0
0.0463868 -0
0.0482607 -0
0.0502103 -0
0.0522387 -0
0.0543491 -0
0.0565447 -0
0.058829 -0
0.0612056 -0
0.0636783 -0
0.0662508 -0
0.0689273 -0
0.0717119 -0
0.074609 -0
0.0776232 -0
0.0807591 -0
0.0840218 -0
0.0874163 -0
0.090948 -0
0.0946223 -0
0.0984452 -0
0.102422 -0
0.106561 -0
0.110866 -0
0.115345 -0
0.120005 -0
0.124854 -0
0.129899 -0
0.135147 -0
0.140608 -0
0.14629 -0
0.152201 -0
0.158351 -0
0.16475 -0
0.171408 -0
0.178335 -0
0.185543 -0
0.193042 -0
0.200844 -0
0.208963 -0
0.21741 -0
0.226199 -0
0.235345 -0
0.244861 -0
0.254763 -0
0.265066 -0
0.275788 -0
0.286945 -0
0.298556 -0
0.310638 -0
0.323212 -0
0.336298 -0
0.349917 -0
0.364092 -0
0.378846 -0
0.394202 -0
0.410187 -0
0.426827 -0
0.44415 -0
0.462184 -0
0.480961 -0
0.500512 -0
0.520869 -0
0.542069 -0
0.564147 -0
0.587141 -0
0.61109 -0
0.636037 -0
0.662024 -0
0.689097 -0
0.717302 -0
0.746688 -0
0.777306 -0
0.80921 -0
0.842454 -0
0.877095 -0
0.913194 -0
0.950812 -0
0.990012 -0
1.03086 -0
0.0103009 -0
0.0107169 -0
0.0111498 -0
0.0116001 -0
0.0120686 -0
0.0125561 -0
0.0130632 -0
0.0135909 -0
0.0141398 -0
0.014711 -0
0.0153052 -0
0.0159234 -0
0.0165666 -0
0.0172358 -0
0.017932 -0
0.0186563 -0
0.0194099 -0
0.0201939 -0
0.0210097 -0
0.0218583 -0
0.0227413 -0
0.0236599 -0
0.0246157 -0
0.02561 -0
0.0266446 -0
0.0277209 -0
0.0288407 -0
0.0300058 -0
0.0312179 -0
0.032479 -0
0.033791 -0
0.0351561 -0
0.0365762 -0
0.0380538 -0
0.0395911 -0
0.0411904 -0
0.0428544 -0
0.0445856 -0
0.0463868 -0
0.0482607 -0
0.0502103 -0
0.0522387 -0
0.0543491 -0
0.0565447 -0
0.058829 -0
0.0612056 -0
0.0636783 -0
0.0662508 -0
0.0689273 -0
0.0717119 -0
0.074609 -0
0.0776232 -0
0.0807591 -0
0.0840218 -0
0.0874163 -0
0.090948 -0
0.0946223 -0
0.0984452 -0
0.102422 -0
0.106561 -0
0.110866 -0
0.115345 -0
0.120005 -0
0.124854 -0
0.129899 -0
0.135147 -0
0.140608 -0
0.14629 -0
0.152201 -0
0.158351 -0
0.16475 -0
0.171408 -0
0.178335 -0
0.185543 -0
0.193042 -0
0.200844 -0
0.208963 -0
0.21741 -0
0.226199 -0
0.235345 -0
0.244861 -0
0.254763 -0
0.265066 -0
0.275788 -0
0.286945 -0
0.298556 -0
0.310638 -0
0.323212 -0
0.336298 -0
0.349917 -0
0.364092 -0
0.378846 -0
0.394202 -0
0.410187 -0
0.426827 -0
0.44415 -0
0.462184 -0
0.480961 -0
0.500512 -0
0.520869 -0
0.542069 -0
0.564147 -0
0.587141 -0
0.61109 -0
0.636037 -0
0.662024 -0
0.689097 -0
0.717302 -0
0.746688 -0
0.777306 -0
0.80921 -0
0.842454 -0
0.877095 -0
0.913194 -0
0.950812 -0
0.990012 -0
1.03086 -0
0.0103009 0
0.0107169 0
0.0111498 0
0.0116001 0
0.0120686 0
0.0125561 0
0.0130632 0
0.0135909 0
0.0141398 0
0.014711 0
0.0153052 0
0.0159234 0
0.0165666 0
0.0172358 0
0.017932 0
0.0186563 0
0.0194099 0
0.0201939 0
0.0210097 0
0.0218583 0
0.0227413 0
0.0236599 0
0.0246157 0
0.02561 0
0.0266446 0
0.0277209 0
0.0288407 0
0.0300058 0
0.0312179 0
0.032479 0
0.033791 0
0.0351561 0
0.0365762 0
0.0380538 0
0.0395911 0
0.0411904 0
0.0428544 0
0.0445856 0
0.0463868 0
0.0482607 0
0.0502103 0
0.0522387 0
0.0543491 0
0.0565447 0
0.058829 0
0.0612056 0
0.0636783 0
0.0662508 0
0.0689273 0
0.0717119 0
0.074609 0
0.0776232 0
0.0807591 0
0.0840218 0
0.0874163 0
0.090948 0
0.0946223 0
0.0984452 0
0.102422 0
0.106561 0
0.110866 0
0.115345 0
0.120005 0
0.124854 0
0.129899 0
0.135147 0
0.140608 0
0.14629 0
0.152201 0
0.158351 0
0.16475 0
0.171408 0
0.178335 0
0.185543 0
0.193042 0
0.200844 0
0.208963 0
0.21741 0
0.226199 0
0.235345 0
0.244861 0
0.254763 0
0.265066 0
0.275788 0
0.286945 0
0.298556 0
0.310638 0
0.323212 0
0.336298 0
0.349917 0
0.364092 0
0.378846 0
0.394202 0
0.410187 0
0.426827 0
0.44415 0
0.462184 0
0.480961 0
0.500512 0
0.520869 0
0.542069 0
0.564147 0
0.587141 0
0.61109 0
0.636037 0
0.662024 0
0.689097 0
0.717302 0
0.746688 0
0.777306 0
0.80921 0
0.842454 0
0.877095 0
0.913194 0
0.950812 0
0.990012 0
1.03086 0
0.0103009 0
0.0107169 0
0.0111498 0
0.0116001 0
0.0120686 0
0.0125561 0
0.0130632 0
0.0135909 0
0.0141398 0
0.014711 0
0.0153052 0
0.0159234 0
0.0165666 0
0.0172358 0
0.017932 0
0.0186563 0
0.0194099 0
0.0201939 0
0.0210097 0
0.0218583 0
0.0227413 0
0.0236599 0
0.0246157 0
0.02561 0
0.0266446 0
0.0277209 0
0.0288407 0
0.0300058 0
0.0312179 0
0.032479 0
0.033791 0
0.0351561 0
0.0365762 0
0.0380538 0
0.0395911 0
0.0411904 0
0.0428544 0
0.0445856 0
0.0463868 0
0.0482607 0
0.0502103 0
0.0522387 0
0.0543491 0
0.0565447 0
0.058829 0
0.0612056 0
0.0636783 0
0.0662508 0
0.0689273 0
0.0717119 0
0.074609 0
0.0776232 0
0.0807591 0
0.0840218 0
0.0874163 0
0.090948 0
0.0946223 0
0.0984452 0
0.102422 0
0.106561 0
0.110866 0
0.115345 0
0.120005 0
0.124854 0
0.129899 0
0.135147 0
0.140608 0
0.14629 0
0.152201 0
0.158351 0
0.16475 0
0.171408 0
0.178335 0
0.185543 0
0.193042 0
0.200844 0
0.208963 0
0.21741 0
0.226199 0
0.235345 0
0.244861 0
0.254763 0
0.265066 0
0.275788 0
0.286945 0
0.298556 0
0.310638 0
0.323212 0
0.336298 0
0.349917 0
0.364092 0
0.378846 0
0.394202 0
0.410187 0
0.426827 0
0.44415 0
0.462184 0
0.480961 0
0.500512 0
0.520869 0
0.542069 0
0.564147 0
0.587141 0
0.61109 0
0.636037 0
0.662024 0
0.689097 0
0.717302 0
0.746688 0
0.777306 0
0.80921 0
0.842454 0
0.877095 0
0.913194 0
0.950812 0
0.990012 0
1.03086 0
0.0103009 -0
0.0107169 -0
0.0111498 -0
0.0116001 -0
0.0120686 -0
0.0125561 -0
0.0130632 -0
0.0135909 -0
0.0141398 -0
0.014711 -0
0.0153052 -0
0.0159234 -0
0.0165666 -0
0.0172358 -0
0.017932 -0
0.0186563 -0
0.0194099 -0
0.0201939 -0
0.0210097 -0
0.0218583 -0
0.0227413 -0
0.0236599 -0
0.0246157 -0
0.02561 -0
0.0266446 -0
0.0277209 -0
0.0288407 -0
0.0300058 -0
0.0312179 -0
0.032479 -0
0.033791 -0
0.0351561 -0
0.0365762 -0
0.0380538 -0
0.0395911 -0
0.0411904 -0
0.0428544 -0
0.0445856 -0
0.0463868 -0
0.0482607 -0
0.0502103 -0
0.0522387 -0
0.0543491 -0
0.0565447 -0
0.058829 -0
0.0612056 -0
0.0636783 -0
0.0662508 -0
0.0689273 -0
0.0717119 -0
0.074609 -0
0.0776232 -0
0.0807591 -0
0.0840218 -0
0.0874163 -0
0.090948 -0
0.0946223 -0
0.0984452 -0
0.102422 -0
0.106561 -0
0.110866 -0
0.115345 -0
0.120005 -0
0.124854 -0
0.129899 -0
0.135147 -0
0.140608 -0
0.14629 -0
0.152201 -0
0.158351 -0
0.16475 -0
0.171408 -0
0.178335 -0
0.185543 -0
0.193042 -0
0.200844 -0
0.208963 -0
0.21741 -0
0.226199 -0
0.235345 -0
0.244861 -0
0.254763 -0
0.265066 -0
0.275788 -0
0.286945 -0
0.298556 -0
0.310638 -0
0.323212 -0
0.336298 -0
0.349917 -0
0.364092 -0
0.378846 -0
0.394202 -0
0.410187 -0
0.426827 -0
0.44415 -0
0.462184 -0
0.480961 -0
0.500512 -0
0.520869 -0
0.542069 -0
0.564147 -0
0.587141 -0
0.61109 -0
0.636037 -0
0.662024 -0
0.689097 -0
0.717302 -0
0.746688 -0
0.777306 -0
0.80921 -0
0.842454 -0
0.877095 -0
0.913194 -0
0.950812 -0
0.990012 -0
1.03086 -0
